0003
1000
2000
266C
0001
0001
0001
0193
0003
1194
2194
2600
0001
0001
0001
006B
0003
1200
2000
2200
0001
0001
0001
05FF
0006
0000
0800
1800
207E
22EE
25E1
0001
0001
0001
0001
0001
0001
001E
0006
001F
081F
181F
209D
230D
2400
0001
0001
0001
0001
0001
0001
00F2
0006
0112
0912
1912
2190
2200
24F3
0001
0001
0001
0001
0001
0001
006F
0006
0182
0982
1982
2000
2270
2563
0001
0001
0001
0001
0001
0001
007D
0006
0200
0A00
1A00
2377
25B4
275E
0001
0001
0001
0001
0001
0001
004B
0006
024C
0A4C
1A4C
23C3
2400
27AA
0001
0001
0001
0001
0001
0001
003C
0006
0289
0A89
1A89
2200
243D
27E7
0001
0001
0001
0001
0001
0001
0018
0006
02A2
0AA2
1AA2
2219
2456
2600
0001
0001
0001
0001
0001
0001
015D
0006
0400
0C00
1C00
2107
24DB
2610
0001
0001
0001
0001
0001
0001
00F8
0006
04F9
0CF9
1CF9
2000
25D4
2709
0001
0001
0001
0001
0001
0001
002B
0006
0525
0D25
1D25
202C
2400
2735
0001
0001
0001
0001
0001
0001
00CA
0006
05F0
0DF0
1DF0
20F7
24CB
2600
0001
0001
0001
0001
0001
0001
000F
0006
0600
0E00
1E00
21F7
2384
2738
0001
0001
0001
0001
0001
0001
0008
0006
0609
0E09
1E09
2000
238D
2741
0001
0001
0001
0001
0001
0001
0072
0006
067C
0E7C
1E7C
2073
2200
27B4
0001
0001
0001
0001
0001
0001
004B
0006
06C8
0EC8
1EC8
20BF
224C
2600
0001
0001
0001
0001
0001
0001
0137
0006
0000
0C60
0E1C
183B
1AE1
2000
0001
0001
0001
0001
0001
0001
011E
0006
011F
0D7F
0F3B
195A
1A00
211F
0001
0001
0001
0001
0001
0001
0080
0006
01A0
0C00
0FBC
19DB
1A81
21A0
0001
0001
0001
0001
0001
0001
0024
0006
01C5
0C25
0FE1
1800
1AA6
21C5
0001
0001
0001
0001
0001
0001
001E
0006
01E4
0C44
0E00
181F
1AC5
21E4
0001
0001
0001
0001
0001
0001
001B
0006
0200
0854
0F04
1B3E
1D7E
2200
0001
0001
0001
0001
0001
0001
0081
0006
0282
08D6
0F86
1BC0
1C00
2282
0001
0001
0001
0001
0001
0001
003F
0006
02C2
0916
0FC6
1A00
1C40
22C2
0001
0001
0001
0001
0001
0001
0039
0006
02FC
0950
0E00
1A3A
1C7A
22FC
0001
0001
0001
0001
0001
0001
00AF
0006
03AC
0800
0EB0
1AEA
1D2A
23AC
0001
0001
0001
0001
0001
0001
0053
0006
0400
099F
0B93
1CB8
1F17
2400
0001
0001
0001
0001
0001
0001
0060
0006
0461
0800
0BF4
1D19
1F78
2461
0001
0001
0001
0001
0001
0001
000B
0006
046D
080C
0A00
1D25
1F84
246D
0001
0001
0001
0001
0001
0001
007B
0006
04E9
0888
0A7C
1DA1
1E00
24E9
0001
0001
0001
0001
0001
0001
005E
0006
0548
08E7
0ADB
1C00
1E5F
2548
0001
0001
0001
0001
0001
0001
00B7
0006
0600
0A30
0C07
1948
1EB9
2600
0001
0001
0001
0001
0001
0001
00B7
0006
06B8
0AE8
0CBF
1800
1F71
26B8
0001
0001
0001
0001
0001
0001
008E
0006
0747
0B77
0D4E
188F
1E00
2747
0001
0001
0001
0001
0001
0001
0088
0006
07D0
0A00
0DD7
1918
1E89
27D0
0001
0001
0001
0001
0001
0001
0028
0006
07F9
0A29
0C00
1941
1EB2
27F9
0001
0001
0001
0001
0001
0001
0006

