0003
2800
4800
6E88
0001
0006
0006
0193
0003
2994
5178
6C00
0001
0006
0006
006B
0003
2A00
4801
5400
0001
0006
0006
03FF
0003
2E00
6001
6C01
0001
0006
0006
01FF
0006
0000
1000
3000
4AF6
5996
6B48
0002
0003
0003
0006
0006
0006
001E
0006
003E
105D
305D
4BB0
5A50
6002
0002
0003
0003
0006
0006
0006
00F2
0006
0224
1336
3336
5162
5402
65B4
0002
0003
0003
0006
0006
0006
006F
0006
0304
1486
3486
4802
56A2
6854
0002
0003
0003
0006
0006
0006
007D
0006
0400
1600
3600
5CCD
6A3B
7436
0002
0003
0003
0006
0006
0006
004B
0006
0498
16E4
36E4
5E95
6003
75FE
0002
0003
0003
0006
0006
0006
003C
0006
0512
179B
379B
5403
6171
776C
0002
0003
0003
0006
0006
0006
0018
0006
0544
17E6
37E6
5499
6207
6C02
0002
0003
0003
0006
0006
0006
015D
0006
0800
1C00
3C00
4E2D
6526
6C63
0002
0003
0003
0006
0006
0006
00F8
0006
09F2
1EEB
3EEB
4803
6AFC
7239
0002
0003
0003
0006
0006
0006
002B
0006
0A4A
1F6F
3F6F
490B
6004
7341
0002
0003
0003
0006
0006
0006
00CA
0006
0BE0
21D0
41D0
4DCD
64C6
6C03
0002
0003
0003
0006
0006
0006
000F
0006
0C00
2200
4200
53CE
5D1C
7354
0002
0003
0003
0006
0006
0006
0008
0006
0C12
221B
421B
4804
5D52
738A
0002
0003
0003
0006
0006
0006
0072
0006
0CF8
2374
4374
4AB6
5404
763C
0002
0003
0003
0006
0006
0006
004B
0006
0D90
2458
4458
4C7E
55CC
6C04
0002
0003
0003
0006
0006
0006
0137
0006
0001
1D21
2255
30B2
38A4
4805
0002
0003
0003
0003
0003
0006
011E
0006
023F
207E
25B2
340F
3601
4EBF
0002
0003
0003
0003
0003
0006
0080
0006
0341
1C01
2735
3592
3784
51C5
0002
0003
0003
0003
0003
0006
0024
0006
038B
1C70
27A4
3001
37F3
52A3
0002
0003
0003
0003
0003
0006
001E
0006
03C9
1CCD
2201
305E
3850
535D
0002
0003
0003
0003
0003
0006
001B
0006
0401
10FD
250E
39BC
407B
5405
0002
0003
0003
0003
0003
0006
0081
0006
0505
1283
2694
3B42
3C01
5711
0002
0003
0003
0003
0003
0006
003F
0006
0585
1343
2754
3602
3CC1
5891
0002
0003
0003
0003
0003
0006
0039
0006
05F9
13F1
2202
36B0
3D6F
59ED
0002
0003
0003
0003
0003
0006
00AF
0006
0759
1001
2412
38C0
3F7F
5E0D
0002
0003
0003
0003
0003
0006
0053
0006
0801
14DF
1ABA
3E2A
4546
6005
0002
0003
0003
0003
0003
0006
0060
0006
08C3
1002
1BDD
3F4D
4669
624B
0002
0003
0003
0003
0003
0006
000B
0006
08DB
1026
1601
3F71
468D
6293
0002
0003
0003
0003
0003
0006
007B
0006
09D3
119A
1775
40E5
4201
657B
0002
0003
0003
0003
0003
0006
005E
0006
0A91
12B7
1892
3C02
431E
67B5
0002
0003
0003
0003
0003
0006
00B7
0006
0C01
1692
1C17
33DA
442D
6C05
0002
0003
0003
0003
0003
0006
00B7
0006
0D71
18BA
1E3F
3002
4655
7055
0002
0003
0003
0003
0003
0006
008E
0006
0E8F
1A67
1FEC
31AF
4202
73AF
0002
0003
0003
0003
0003
0006
0088
0006
0FA1
1602
2187
334A
439D
76E5
0002
0003
0003
0003
0003
0006
0028
0006
0FF3
167D
1C02
33C5
4418
77DB
0002
0003
0003
0003
0003
0006
0006

