0003
0400
0800
0990
0001
0001
0001
006F
0003
0470
0870
0980
0001
0001
0001
000F
0003
0480
0800
0880
0001
0001
0001
017F
0006
0000
0200
0600
0867
08E9
0900
0001
0001
0001
0001
0001
0001
0016
0006
0017
0217
0617
087E
0880
0917
0001
0001
0001
0001
0001
0001
0001
0006
0019
0219
0619
0800
0882
0919
0001
0001
0001
0001
0001
0001
0066
0006
0080
0280
0680
08B5
094A
09AD
0001
0001
0001
0001
0001
0001
0035
0006
00B6
02B6
06B6
08EB
0900
09E3
0001
0001
0001
0001
0001
0001
0014
0006
00CB
02CB
06CB
0880
0915
09F8
0001
0001
0001
0001
0001
0001
0007
0006
00D3
02D3
06D3
0888
091D
0980
0001
0001
0001
0001
0001
0001
002C
0006
0100
0300
0700
0859
0908
09F7
0001
0001
0001
0001
0001
0001
0008
0006
0109
0309
0709
0862
0911
0980
0001
0001
0001
0001
0001
0001
001D
0006
0127
0327
0727
0800
092F
099E
0001
0001
0001
0001
0001
0001
0050
0006
0178
0378
0778
0851
0900
09EF
0001
0001
0001
0001
0001
0001
0007
0006
0180
0380
0780
0861
08F0
09A3
0001
0001
0001
0001
0001
0001
000F
0006
0190
0390
0790
0871
0880
09B3
0001
0001
0001
0001
0001
0001
000E
0006
019F
039F
079F
0800
088F
09C2
0001
0001
0001
0001
0001
0001
003D
0006
01DD
03DD
07DD
083E
08CD
0980
0001
0001
0001
0001
0001
0001
0022
0006
0000
0332
039D
0673
069E
0800
0001
0001
0001
0001
0001
0001
000C
0006
000D
033F
03AA
0600
06AB
080D
0001
0001
0001
0001
0001
0001
0040
0006
004E
0300
03EB
0641
06EC
084E
0001
0001
0001
0001
0001
0001
0013
0006
0062
0314
03FF
0655
0680
0862
0001
0001
1F81
0001
0001
0001
0001
0006
0064
0316
0381
0657
0682
0864
0001
0001
0001
0001
0001
0001
001B
0006
0080
0200
03AF
06BB
0766
0880
0001
0001
0001
0001
0001
0001
0019
0006
009A
021A
03C9
06D5
0700
089A
0001
0001
0001
0001
0001
0001
002A
0006
00C5
0245
03F4
0680
072B
08C5
0001
0001
0001
0001
0001
0001
000B
0006
00D1
0251
0380
068C
0737
08D1
0001
0001
0001
0001
0001
0001
002E
0006
0100
021F
02FA
0701
07C5
0900
0001
0001
0001
0001
0001
0001
0005
0006
0106
0225
0280
0707
07CB
0906
0001
0001
0001
0001
0001
0001
0034
0006
013B
025A
02B5
073C
0780
093B
0001
0001
0001
0001
0001
0001
0025
0006
0161
0200
02DB
0762
07A6
0961
0001
0001
0001
0001
0001
0001
001D
0006
017F
021E
02F9
0700
07C4
097F
0001
00A2
0064
1F5E
001F
0001
0001
0006
0181
02C1
035E
065F
07E4
0981
0001
0001
0001
0001
0001
0001
001B
0006
019D
02DD
037A
067B
0780
099D
0001
0001
0001
0001
0001
0001
0004
0006
01A2
02E2
037F
0600
0785
09A2
0001
0001
1F81
0001
0001
0001
0001
0006
01A4
02E4
0301
0602
0787
09A4
0001
0001
0001
0001
0001
0001
001B
0006
01C0
0280
031D
061E
07A3
09C0
0001
0001
0001
0001
0001
0001
003F

