0003
0A00
1200
1B60
0001
0006
0006
006F
0003
0A70
14A0
1B00
0001
0006
0006
000F
0003
0A80
1201
1500
0001
0006
0006
00FF
0003
0B80
1801
1B01
0001
0006
0006
007F
0006
0000
0400
0C00
146C
1778
1802
0002
0003
0003
0006
0006
0006
0016
0006
002E
0445
0C45
14F6
1502
188C
0002
0003
0003
0006
0006
0006
0001
0006
0032
044B
0C4B
1202
150E
1898
0002
0003
0003
0006
0006
0006
0066
0006
0100
0580
0D80
1641
19BF
1C10
0002
0003
0003
0006
0006
0006
0035
0006
016C
0622
0E22
1785
1803
1D54
0002
0003
0003
0006
0006
0006
0014
0006
0196
0661
0E61
1503
1881
1DD2
0002
0003
0003
0006
0006
0006
0007
0006
01A6
0679
0E79
1533
18B1
1B02
0002
0003
0003
0006
0006
0006
002C
0006
0200
0700
0F00
1419
1834
1DCD
0002
0003
0003
0006
0006
0006
0008
0006
0212
071B
0F1B
144F
186A
1B03
0002
0003
0003
0006
0006
0006
001D
0006
024E
0775
0F75
1203
191E
1BB7
0002
0003
0003
0006
0006
0006
0050
0006
02F0
0868
1068
13E9
1804
1D9D
0002
0003
0003
0006
0006
0006
0007
0006
0300
0880
1080
144A
17A4
1BD6
0002
0003
0003
0006
0006
0006
000F
0006
0320
08B0
10B0
14AA
1504
1C36
0002
0003
0003
0006
0006
0006
000E
0006
033E
08DD
10DD
1204
155E
1C90
0002
0003
0003
0006
0006
0006
003D
0006
03BA
0997
1197
1378
16D2
1B04
0002
0003
0003
0006
0006
0006
0022
0006
0001
0797
08D8
0D5A
0DDB
1205
0002
0003
0003
0003
0003
0006
000C
0006
001B
07BE
08FF
0C01
0E02
1253
0002
0003
0003
0003
0003
0006
0040
0006
009D
0701
09C2
0CC4
0EC5
13D9
0002
0003
0003
0003
0003
0006
0013
0006
00C5
073D
09FE
0D00
0D81
1451
0002
0003
3E83
0003
0003
0006
0001
0006
00C9
0743
0884
0D06
0D87
145D
0002
0003
0003
0003
0003
0006
001B
0006
0101
0401
090F
0E33
1033
1505
0002
0003
0003
0003
0003
0006
0019
0006
0135
044F
095D
0E81
0F01
15A1
0002
0003
0003
0003
0003
0006
002A
0006
018B
04D0
09DE
0D82
0F82
16A3
0002
0003
0003
0003
0003
0006
000B
0006
01A3
04F4
0882
0DA6
0FA6
16EB
0002
0003
0003
0003
0003
0006
002E
0006
0201
045F
06EF
0F05
1150
1805
0002
0003
0003
0003
0003
0006
0005
0006
020D
0471
0581
0F17
1162
1829
0002
0003
0003
0003
0003
0006
0034
0006
0277
0510
0620
0FB6
1081
1967
0002
0003
0003
0003
0003
0006
0025
0006
02C3
0402
0692
1028
10F3
1A4B
0002
0003
0003
0003
0003
0006
001D
0006
02FF
045C
06EC
0F02
114D
1AFF
0002
01E6
012D
3E1A
005E
0006
0001
0006
0303
0645
081C
0D1F
11AE
1B0B
0002
0003
0003
0003
0003
0006
001B
0006
033B
0699
0870
0D73
1082
1BB3
0002
0003
0003
0003
0003
0006
0004
0006
0345
06A8
087F
0C02
1091
1BD1
0002
0003
3E83
0003
0003
0006
0001
0006
0349
06AE
0705
0C08
1097
1BDD
0002
0003
0003
0003
0003
0006
001B
0006
0381
0582
0759
0C5C
10EB
1C85
0002
0003
0003
0003
0003
0006
003F

