003
400
600
6FB
001
001
001
004
003
405
605
6C0
001
001
001
03A
003
440
600
640
001
001
001
0BF
00A
01B
05E
0AB
100
200
300
500
612
674
697
001
001
001
001
001
001
001
001
001
001
00B
00A
027
06A
0B7
10C
20C
30C
50C
61E
640
6A3
001
001
001
001
001
001
001
001
001
001
008
00A
030
073
080
115
215
315
515
627
649
6AC
001
001
001
001
001
001
001
001
001
001
00C
00A
03D
040
08D
122
222
322
522
634
656
6B9
001
001
001
001
001
001
001
001
001
001
002
00A
000
043
090
125
225
325
525
637
659
6BC
001
001
001
001
001
001
001
001
001
001
003
00A
004
047
094
129
229
329
529
63B
65D
680
001
001
001
001
001
001
001
001
001
001
004
00A
009
04C
099
12E
22E
32E
52E
600
662
685
001
001
001
001
001
001
001
001
001
001
011
00A
067
08E
0D6
140
240
340
540
660
695
6E4
001
001
001
001
001
001
001
001
001
001
018
00A
040
0A7
0EF
159
259
359
559
679
6AE
6FD
001
001
001
001
001
001
001
001
001
001
002
00A
043
0AA
0F2
15C
25C
35C
55C
67C
6B1
6C0
001
001
001
001
001
001
001
001
001
001
003
00A
047
0AE
0F6
160
260
360
560
640
6B5
6C4
001
001
001
001
001
001
001
001
001
001
009
00A
051
0B8
0C0
16A
26A
36A
56A
64A
6BF
6CE
001
001
001
001
001
001
001
001
FC1
001
001
00A
053
0BA
0C2
16C
26C
36C
56C
64C
681
6D0
001
001
001
001
001
001
001
001
001
001
005
00A
059
080
0C8
172
272
372
572
652
687
6D6
001
001
001
001
001
001
001
001
001
001
00D
00A
024
089
0F1
180
280
380
580
61B
6AE
6ED
001
001
001
001
001
001
001
001
001
001
00E
00A
033
098
0C0
18F
28F
38F
58F
62A
6BD
6FC
001
001
001
001
001
001
001
001
001
001
002
00A
036
09B
0C3
192
292
392
592
62D
680
6FF
001
001
001
001
001
001
001
001
001
FC1
001
00A
038
09D
0C5
194
294
394
594
62F
682
6C1
001
001
001
001
001
001
001
001
001
001
007
00A
000
0A5
0CD
19C
29C
39C
59C
637
68A
6C9
001
001
001
001
001
001
001
001
001
001
008
00A
009
0AE
0D6
1A5
2A5
3A5
5A5
600
693
6D2
001
001
001
001
001
001
001
001
001
001
011
00A
01B
080
0E8
1B7
2B7
3B7
5B7
612
6A5
6E4
001
001
001
001
001
001
001
001
001
001
008
00A
01E
075
0C2
1C0
2C0
3C0
5C0
633
64C
6EC
001
001
001
001
001
001
001
001
001
001
00A
00A
029
040
0CD
1CB
2CB
3CB
5CB
63E
657
6F7
001
001
001
001
001
001
001
001
001
001
001
00A
02B
042
0CF
1CD
2CD
3CD
5CD
600
659
6F9
001
001
001
001
001
001
001
001
001
001
006
00A
032
049
0D6
1D4
2D4
3D4
5D4
607
660
6C0
001
001
001
001
001
001
001
001
001
001
00D
00A
000
057
0E4
1E2
2E2
3E2
5E2
615
66E
6CE
001
001
001
001
001
001
001
001
001
001
011
00A
012
069
0F6
1F4
2F4
3F4
5F4
627
640
6E0
001
001
001
001
001
001
001
001
001
001
009
00A
01C
073
0C0
1FE
2FE
3FE
5FE
631
64A
6EA
001
001
001
001
001
001
001
001
001
001
001
00A
000
10E
1AE
1FE
200
38B
3C7
516
559
600
001
001
001
001
001
001
001
001
001
001
001
00A
002
110
1B0
1C0
202
38D
3C9
518
55B
602
001
001
001
001
001
001
001
001
001
001
00F
00A
012
120
180
1D0
212
39D
3D9
528
56B
612
001
001
001
001
001
001
001
001
001
001
014
00A
027
135
195
1E5
227
3B2
3EE
53D
540
627
001
001
001
001
001
001
001
001
001
001
002
00A
02A
138
198
1E8
22A
3B5
3F1
500
543
62A
001
001
001
001
001
001
001
001
001
001
007
00A
032
100
1A0
1F0
232
3BD
3F9
508
54B
632
001
001
001
001
001
001
001
001
001
001
002
00A
035
103
1A3
1F3
235
380
3FC
50B
54E
635
001
001
001
001
001
001
001
001
001
001
003
00A
039
107
1A7
1F7
239
384
3C0
50F
552
639
001
001
001
001
001
001
001
001
001
001
006
00A
040
137
14F
1F0
240
31D
3DE
56C
59D
640
001
001
001
001
001
001
001
001
001
001
008
00A
049
100
158
1F9
249
326
3E7
575
5A6
649
001
001
001
001
001
001
001
001
001
001
006
00A
050
107
15F
1C0
250
32D
3EE
57C
5AD
650
001
001
001
001
001
001
001
001
001
001
003
00A
054
10B
163
1C4
254
331
3F2
540
5B1
654
001
001
001
001
001
001
001
001
001
001
00D
00A
062
119
171
1D2
262
33F
3C0
54E
5BF
662
001
001
001
001
001
FC1
001
001
FC1
001
001
00A
064
11B
173
1D4
264
301
3C2
550
581
664
001
001
001
001
001
001
001
001
001
001
00C
00A
071
128
140
1E1
271
30E
3CF
55D
58E
671
001
001
001
001
001
001
001
001
001
001
00E
00A
080
10B
152
18A
280
330
365
5A9
5CD
680
001
001
001
001
001
001
001
001
001
001
00F
00A
090
11B
162
19A
290
300
375
5B9
5DD
690
001
001
001
001
001
001
001
001
001
001
006
00A
097
122
169
1A1
297
307
37C
580
5E4
697
001
001
001
001
001
001
001
001
001
001
003
00A
09B
126
16D
1A5
29B
30B
340
584
5E8
69B
001
001
001
001
001
001
001
001
001
001
012
00A
0AE
139
140
1B8
2AE
31E
353
597
5FB
6AE
001
001
001
001
001
001
001
001
001
001
004
00A
0B3
13E
145
1BD
2B3
323
358
59C
5C0
6B3
001
001
001
001
001
001
001
001
001
001
001
00A
0B5
100
147
1BF
2B5
325
35A
59E
5C2
6B5
001
001
001
FC1
001
001
001
001
001
001
001
00A
0B7
102
149
181
2B7
327
35C
5A0
5C4
6B7
001
001
001
001
001
001
001
001
001
001
008
00A
0C0
15D
1A5
1D7
2C0
34F
38C
507
5C4
6C0
001
001
001
001
001
001
001
001
001
001
01A
00A
0DB
178
180
1F2
2DB
36A
3A7
522
5DF
6DB
001
001
001
001
001
001
001
001
001
001
007
00A
0E3
140
188
1FA
2E3
372
3AF
52A
5E7
6E3
001
001
001
001
001
001
001
001
001
001
005
00A
0E9
146
18E
1C0
2E9
378
3B5
530
5ED
6E9
001
001
001
001
001
001
001
001
001
001
007
00A
0F1
14E
196
1C8
2F1
340
3BD
538
5F5
6F1
001
001
001
001
001
001
001
001
001
001
002
00A
0F4
151
199
1CB
2F4
343
380
53B
5F8
6F4
001
001
001
001
001
001
001
001
001
001
004
00A
0F9
156
19E
1D0
2F9
348
385
500
5FD
6F9
001
001
001
001
001
001
001
001
001
001
002
00A
0FC
159
1A1
1D3
2FC
34B
388
503
5C0
6FC
001
001
001
001
001
001
001
001
001
001
003

