003
400
500
561
001
001
001
01E
003
41F
51F
560
001
FE1
FC0
001
003
421
501
521
001
001
001
05E
012
004
033
047
080
102
13B
147
180
203
236
243
280
300
380
480
516
520
55A
001
001
001
001
001
001
001
001
001
001
001
001
001
001
001
001
001
001
004
012
009
038
04C
085
107
120
14C
185
208
23B
248
285
305
385
485
51B
525
55F
001
001
001
001
001
001
001
001
001
001
001
001
001
001
001
001
001
FE1
001
012
00B
03A
04E
087
109
122
14E
187
20A
23D
24A
287
307
387
487
51D
527
541
001
001
001
001
001
001
001
001
001
001
001
001
001
001
001
001
001
001
002
012
00E
03D
051
08A
10C
125
151
18A
20D
220
24D
28A
30A
38A
48A
500
52A
544
001
001
001
001
001
001
001
001
001
001
001
001
001
001
001
001
001
001
002
012
011
020
054
08D
10F
128
154
18D
210
223
250
28D
30D
38D
48D
503
52D
547
001
001
001
001
001
001
001
001
001
001
001
001
001
001
001
001
001
001
00B
012
01D
02C
040
099
11B
134
140
199
21C
22F
25C
299
319
399
499
50F
539
553
001
001
001
001
001
001
001
001
001
001
001
001
001
001
001
001
001
001
002
012
000
02F
043
09C
11E
137
143
19C
21F
232
25F
29C
31C
39C
49C
512
53C
556
001
001
001
001
001
001
001
001
FE1
001
FE1
001
001
001
001
001
001
001
001
012
002
031
045
09E
100
139
145
19E
201
234
241
29E
31E
39E
49E
514
53E
558
001
001
001
001
001
001
001
001
001
001
001
001
001
001
001
001
001
001
001
012
022
045
06B
0A0
12F
156
17F
1A0
23A
258
264
2A0
320
3A0
4A0
53B
55E
57C
001
001
001
001
001
001
FE1
001
001
001
001
001
001
001
001
001
001
001
001
012
024
047
06D
0A2
131
158
161
1A2
23C
25A
266
2A2
322
3A2
4A2
53D
540
57E
001
001
001
001
001
001
001
001
001
001
001
001
001
001
001
001
001
001
001
012
026
049
06F
0A4
133
15A
163
1A4
23E
25C
268
2A4
324
3A4
4A4
53F
542
560
001
001
001
001
001
001
001
001
001
001
001
001
001
001
001
FE1
001
001
001
012
028
04B
071
0A6
135
15C
165
1A6
220
25E
26A
2A6
326
3A6
4A6
521
544
562
001
001
001
001
001
001
001
001
001
001
001
001
001
001
001
001
001
001
001
012
02A
04D
073
0A8
137
15E
167
1A8
222
240
26C
2A8
328
3A8
4A8
523
546
564
001
001
001
001
001
001
001
001
001
001
001
001
001
001
001
001
001
001
001
012
02C
04F
075
0AA
139
140
169
1AA
224
242
26E
2AA
32A
3AA
4AA
525
548
566
001
001
001
001
001
001
001
001
001
001
001
001
001
001
001
001
001
001
006
012
033
056
07C
0B1
120
147
170
1B1
22B
249
275
2B1
331
3B1
4B1
52C
54F
56D
001
001
001
001
001
001
001
001
001
001
001
001
001
001
001
001
001
001
003
012
037
05A
060
0B5
124
14B
174
1B5
22F
24D
279
2B5
335
3B5
4B5
530
553
571
001
001
001
001
001
001
001
001
001
001
001
001
001
001
001
001
001
001
005
012
03D
040
066
0BB
12A
151
17A
1BB
235
253
27F
2BB
33B
3BB
4BB
536
559
577
001
001
001
001
001
001
001
001
001
001
FE1
001
001
001
001
001
001
001
001
012
03F
042
068
0BD
12C
153
17C
1BD
237
255
261
2BD
33D
3BD
4BD
538
55B
579
FE1
001
001
001
001
001
001
001
001
001
001
001
001
001
001
001
001
001
001
012
021
044
06A
0BF
12E
155
17E
1BF
239
257
263
2BF
33F
3BF
4BF
53A
55D
57B
FEA
FFE
001
001
FEF
FF0
FE5
001
FD7
FF0
00C
001
001
001
001
FD8
FEF
003
001
012
00C
043
06C
0C1
11E
146
164
1C1
211
248
270
2C1
341
3C1
4C1
513
54D
57F
001
001
001
001
001
001
001
001
001
001
001
001
001
001
001
001
001
FE1
001
012
00E
045
06E
0C3
100
148
166
1C3
213
24A
272
2C3
343
3C3
4C3
515
54F
561
001
001
001
001
001
001
001
001
001
001
001
001
001
001
001
001
001
001
00A
012
019
050
079
0CE
10B
153
171
1CE
21E
255
27D
2CE
34E
3CE
4CE
500
55A
56C
001
001
001
001
001
001
001
001
001
001
001
001
001
001
001
001
001
001
001
012
01B
052
07B
0D0
10D
155
173
1D0
200
257
27F
2D0
350
3D0
4D0
502
55C
56E
001
001
001
001
001
001
001
001
001
001
FE1
001
001
001
001
001
001
001
001
012
01D
054
07D
0D2
10F
157
175
1D2
202
259
261
2D2
352
3D2
4D2
504
55E
570
001
001
001
001
001
001
001
001
001
001
001
001
001
001
001
001
001
001
001
012
01F
056
07F
0D4
111
159
177
1D4
204
25B
263
2D4
354
3D4
4D4
506
540
572
FE1
001
FE1
001
001
001
001
001
001
001
001
001
001
001
001
001
001
001
001
012
001
058
061
0D6
113
15B
179
1D6
206
25D
265
2D6
356
3D6
4D6
508
542
574
001
001
001
001
001
001
001
001
001
001
001
001
001
001
001
001
001
001
002
012
004
05B
064
0D9
116
15E
17C
1D9
209
240
268
2D9
359
3D9
4D9
50B
545
577
001
001
001
001
001
001
001
001
001
001
001
001
001
001
001
001
001
001
001
012
006
05D
066
0DB
118
140
17E
1DB
20B
242
26A
2DB
35B
3DB
4DB
50D
547
579
001
001
001
001
001
001
001
001
001
001
001
001
001
001
001
001
001
001
001
012
008
05F
068
0DD
11A
142
160
1DD
20D
244
26C
2DD
35D
3DD
4DD
50F
549
57B
001
FE1
001
001
001
001
001
001
001
001
001
001
001
001
001
001
001
001
001
012
00A
041
06A
0DF
11C
144
162
1DF
20F
246
26E
2DF
35F
3DF
4DF
511
54B
57D
008
FFE
00A
001
FF3
FE1
011
001
FFC
FEB
FF6
001
001
001
001
002
FE3
FF0
001
012
013
020
075
0E1
110
126
174
1E1
20C
232
265
2E1
361
3E1
4E1
514
52F
56E
001
001
001
001
001
001
001
001
001
001
001
001
001
001
001
001
001
001
00A
012
01E
02B
060
0EC
11B
131
17F
1EC
217
23D
270
2EC
36C
3EC
4EC
51F
53A
579
001
001
001
001
001
001
FE1
001
001
001
001
001
001
001
001
FE1
001
001
001
012
000
02D
062
0EE
11D
133
161
1EE
219
23F
272
2EE
36E
3EE
4EE
501
53C
57B
001
001
001
001
001
001
001
001
001
FE1
001
001
001
001
001
001
001
001
001
012
002
02F
064
0F0
11F
135
163
1F0
21B
221
274
2F0
370
3F0
4F0
503
53E
57D
001
001
001
001
FE1
001
001
001
001
001
001
001
001
001
001
001
001
001
001
012
004
031
066
0F2
101
137
165
1F2
21D
223
276
2F2
372
3F2
4F2
505
520
57F
001
001
001
001
001
001
001
001
001
001
001
001
001
001
001
001
001
FE1
001
012
006
033
068
0F4
103
139
167
1F4
21F
225
278
2F4
374
3F4
4F4
507
522
561
001
001
001
001
001
001
001
001
FE1
001
001
001
001
001
001
001
001
001
001
012
008
035
06A
0F6
105
13B
169
1F6
201
227
27A
2F6
376
3F6
4F6
509
524
563
001
001
001
001
001
001
001
001
001
001
001
001
001
001
001
001
001
001
004
012
00D
03A
06F
0FB
10A
120
16E
1FB
206
22C
27F
2FB
37B
3FB
4FB
50E
529
568
001
001
001
001
001
001
001
001
001
001
FE1
001
001
001
001
001
001
001
001
012
00F
03C
071
0FD
10C
122
170
1FD
208
22E
261
2FD
37D
3FD
4FD
510
52B
56A
001
001
001
001
001
001
001
001
001
001
001
001
001
001
001
001
001
001
002
012
000
0A9
0DA
0F1
100
187
1AF
1CA
200
288
2D9
2F9
300
3C0
3EA
485
4B2
500
001
001
001
001
001
001
001
001
001
001
001
001
001
001
001
001
001
001
005
012
006
0AF
0C0
0F7
106
18D
1B5
1D0
206
28E
2DF
2FF
306
3C6
3F0
48B
4B8
506
001
001
001
001
001
001
001
001
001
001
FE1
FE1
001
001
001
001
001
001
001
012
008
0B1
0C2
0F9
108
18F
1B7
1D2
208
290
2C1
2E1
308
3C8
3F2
48D
4BA
508
001
001
001
001
001
001
001
001
001
001
001
001
001
001
001
001
001
001
005
012
00E
0B7
0C8
0FF
10E
195
1BD
1D8
20E
296
2C7
2E7
30E
3CE
3F8
493
4A0
50E
001
001
001
FE1
001
001
001
001
001
001
001
001
001
001
001
001
001
001
001
012
010
0B9
0CA
0E1
110
197
1BF
1DA
210
298
2C9
2E9
310
3D0
3FA
495
4A2
510
001
001
001
001
001
001
FE1
001
001
001
001
001
001
001
001
001
001
001
001
012
012
0BB
0CC
0E3
112
199
1A1
1DC
212
29A
2CB
2EB
312
3D2
3FC
497
4A4
512
001
001
001
001
001
001
001
001
001
001
001
001
001
001
001
001
001
001
003
012
016
0BF
0D0
0E7
116
19D
1A5
1C0
216
29E
2CF
2EF
316
3D6
3E0
49B
4A8
516
001
FE1
001
001
001
001
001
001
001
001
001
001
001
001
001
001
001
001
001
012
018
0A1
0D2
0E9
118
19F
1A7
1C2
218
280
2D1
2F1
318
3D8
3E2
49D
4AA
518
001
001
001
001
001
FE1
001
001
001
001
001
001
001
001
001
001
001
001
001
012
01A
0A3
0D4
0EB
11A
181
1A9
1C4
21A
282
2D3
2F3
31A
3DA
3E4
49F
4AC
51A
001
001
001
001
001
001
001
001
001
001
001
001
001
001
001
FE1
001
001
001
012
01C
0A5
0D6
0ED
11C
183
1AB
1C6
21C
284
2D5
2F5
31C
3DC
3E6
481
4AE
51C
001
001
001
001
001
001
001
001
001
001
001
001
001
001
001
001
001
001
003
012
020
091
0DA
0E9
120
1A3
1DD
1F5
220
28F
2AC
2F7
320
381
3E7
4A8
4D4
520
001
001
001
001
001
001
001
001
001
001
001
001
001
001
001
001
001
001
002
012
023
094
0DD
0EC
123
1A6
1C0
1F8
223
292
2AF
2FA
323
384
3EA
4AB
4D7
523
001
001
001
001
001
001
001
001
001
001
001
001
001
001
001
001
001
001
002
012
026
097
0C0
0EF
126
1A9
1C3
1FB
226
295
2B2
2FD
326
387
3ED
4AE
4DA
526
001
001
001
001
001
001
001
001
001
001
001
001
001
001
001
001
001
001
002
012
029
09A
0C3
0F2
129
1AC
1C6
1FE
229
298
2B5
2E0
329
38A
3F0
4B1
4DD
529
001
001
001
001
001
001
001
001
001
001
001
001
001
001
001
001
001
001
001
012
02B
09C
0C5
0F4
12B
1AE
1C8
1E0
22B
29A
2B7
2E2
32B
38C
3F2
4B3
4DF
52B
001
001
001
001
001
001
001
001
001
001
001
001
001
001
001
001
FE1
001
001
012
02D
09E
0C7
0F6
12D
1B0
1CA
1E2
22D
29C
2B9
2E4
32D
38E
3F4
4B5
4C1
52D
001
001
001
001
001
001
001
001
001
001
001
001
001
001
001
001
001
001
001
012
02F
080
0C9
0F8
12F
1B2
1CC
1E4
22F
29E
2BB
2E6
32F
390
3F6
4B7
4C3
52F
001
001
001
001
001
001
001
001
001
001
001
001
001
001
001
001
001
001
001
012
031
082
0CB
0FA
131
1B4
1CE
1E6
231
280
2BD
2E8
331
392
3F8
4B9
4C5
531
001
001
001
001
001
001
001
001
001
001
001
001
001
001
001
001
001
001
002
012
034
085
0CE
0FD
134
1B7
1D1
1E9
234
283
2A0
2EB
334
395
3FB
4BC
4C8
534
001
001
001
001
001
001
001
001
001
001
001
001
001
001
001
001
001
001
002
012
037
088
0D1
0E0
137
1BA
1D4
1EC
237
286
2A3
2EE
337
398
3FE
4BF
4CB
537
001
001
001
001
001
001
001
001
001
001
001
001
001
001
001
FE1
001
001
001
012
039
08A
0D3
0E2
139
1BC
1D6
1EE
239
288
2A5
2F0
339
39A
3E0
4A1
4CD
539
001
001
001
001
001
001
001
001
001
001
001
001
001
001
001
001
001
001
003
012
03D
08E
0D7
0E6
13D
1A0
1DA
1F2
23D
28C
2A9
2F4
33D
39E
3E4
4A5
4D1
53D
001
001
001
001
001
001
001
001
001
001
001
001
001
001
001
001
001
001
001
012
03F
090
0D9
0E8
13F
1A2
1DC
1F4
23F
28E
2AB
2F6
33F
380
3E6
4A7
4D3
53F
001
FFF
FD4
FFB
001
FE6
FEF
FF0
001
FF6
00C
FDC
001
00A
FCA
026
016
001
001
012
041
090
0AE
0E4
141
189
1CC
1E5
241
285
2B8
2D3
341
38B
3B1
4CE
4EA
541
001
001
001
001
001
001
001
001
001
001
001
001
001
001
001
001
001
001
007
012
049
098
0B6
0EC
149
191
1D4
1ED
249
28D
2A0
2DB
349
393
3B9
4D6
4F2
549
001
001
001
001
001
001
001
001
001
001
001
001
001
001
001
001
001
001
004
012
04E
09D
0BB
0F1
14E
196
1D9
1F2
24E
292
2A5
2C0
34E
398
3BE
4DB
4F7
54E
001
001
001
001
001
001
001
001
001
001
001
001
001
001
001
001
001
001
001
012
050
09F
0BD
0F3
150
198
1DB
1F4
250
294
2A7
2C2
350
39A
3A0
4DD
4F9
550
001
FE1
001
001
001
001
001
001
001
001
001
001
001
001
001
001
001
001
001
012
052
081
0BF
0F5
152
19A
1DD
1F6
252
296
2A9
2C4
352
39C
3A2
4DF
4FB
552
001
001
FE1
001
001
001
001
001
001
001
001
001
001
001
001
FE1
001
001
001
012
054
083
0A1
0F7
154
19C
1DF
1F8
254
298
2AB
2C6
354
39E
3A4
4C1
4FD
554
001
001
001
001
001
001
FE1
001
001
001
001
001
001
001
001
001
001
001
001
012
056
085
0A3
0F9
156
19E
1C1
1FA
256
29A
2AD
2C8
356
380
3A6
4C3
4FF
556
001
001
001
001
001
001
001
001
001
001
001
001
001
001
001
001
FE1
001
001
012
058
087
0A5
0FB
158
180
1C3
1FC
258
29C
2AF
2CA
358
382
3A8
4C5
4E1
558
001
001
001
001
001
001
001
001
001
001
001
001
001
001
001
001
001
001
003
012
05C
08B
0A9
0FF
15C
184
1C7
1E0
25C
280
2B3
2CE
35C
386
3AC
4C9
4E5
55C
001
001
001
FE1
001
001
001
001
001
001
001
001
001
001
001
001
001
001
001
012
05E
08D
0AB
0E1
15E
186
1C9
1E2
25E
282
2B5
2D0
35E
388
3AE
4CB
4E7
55E
001
001
001
001
001
001
001
001
001
001
001
001
001
001
001
001
001
001
001
012
060
08D
0A2
0D2
160
191
1A9
1F5
260
2A8
2D6
2F4
360
3AF
3D4
484
4F1
560
001
001
001
001
001
001
001
001
001
001
001
001
001
001
001
001
001
001
009
012
06A
097
0AC
0DC
16A
19B
1B3
1FF
26A
2B2
2C0
2FE
36A
3B9
3DE
48E
4FB
56A
001
001
001
001
001
001
001
FE1
001
001
001
001
001
001
001
001
001
001
001
012
06C
099
0AE
0DE
16C
19D
1B5
1E1
26C
2B4
2C2
2E0
36C
3BB
3C0
490
4FD
56C
001
001
001
001
001
001
001
001
001
001
001
001
001
001
001
001
001
001
001
012
06E
09B
0B0
0C0
16E
19F
1B7
1E3
26E
2B6
2C4
2E2
36E
3BD
3C2
492
4FF
56E
001
001
001
001
001
FE1
001
001
001
001
001
001
001
001
001
001
FE1
001
001
012
070
09D
0B2
0C2
170
181
1B9
1E5
270
2B8
2C6
2E4
370
3BF
3C4
494
4E1
570
001
001
001
001
001
001
001
001
001
001
001
001
001
FE1
001
001
001
001
001
012
072
09F
0B4
0C4
172
183
1BB
1E7
272
2BA
2C8
2E6
372
3A1
3C6
496
4E3
572
001
FE1
001
001
001
001
001
001
001
001
001
001
001
001
001
001
001
001
001
012
074
081
0B6
0C6
174
185
1BD
1E9
274
2BC
2CA
2E8
374
3A3
3C8
498
4E5
574
001
001
001
001
001
001
001
001
001
001
001
001
001
001
001
001
001
001
002
012
077
084
0B9
0C9
177
188
1A0
1EC
277
2BF
2CD
2EB
377
3A6
3CB
49B
4E8
577
001
001
001
001
001
001
001
001
001
FE1
001
001
001
001
001
001
001
001
001
012
079
086
0BB
0CB
179
18A
1A2
1EE
279
2A1
2CF
2ED
379
3A8
3CD
49D
4EA
579
001
001
001
001
001
001
001
001
001
001
001
001
001
001
001
001
001
001
002
012
07C
089
0BE
0CE
17C
18D
1A5
1F1
27C
2A4
2D2
2F0
37C
3AB
3D0
480
4ED
57C
001
001
001
001
001
001
001
001
001
001
001
001
001
001
001
001
001
001
001
012
07E
08B
0A0
0D0
17E
18F
1A7
1F3
27E
2A6
2D4
2F2
37E
3AD
3D2
482
4EF
57E
001
001
001
001
001
001
001
001
001
001
001
001
001
001
001
001
001
001
001

