1E6C88
1EAD09
1EED8A
1F2E0B
1F6E8C
1FAF0D
1FEF8E
18200F
186090
18A111
18E192
192213
196294
19A315
19E396
1A2417
1A6498
1AA519
1AE59A
1B261B
1B669C
1BA71D
1BE79E
1C281F
1C6880
1CA901
1CE982
1D2A03
1D6A84
1DAB05
1DEB86
1E2C07
1DD60F
1E1690
1E5711
1E9792
1ED813
1F1894
1F5915
1F9996
1FDA17
181A98
185B19
189B9A
18DC1B
191C9C
195D1D
199D9E
19DE1F
1A1E80
1A5F01
1A9F82
1AD003
1B1084
1B5105
1B9186
1BD207
1C1288
1C5309
1C938A
1CD40B
1D148C
1D550D
1D958E
149B84
14DC05
151C86
155D07
159D88
15DE09
161E8A
165F0B
169F8C
16D00D
17108E
17510F
179190
17D211
101292
105313
109394
10D415
111496
115517
119598
11D619
12169A
12571B
12979C
12D81D
13189E
13591F
139980
13DA01
141A82
145B03
1D2B28
1D6BA9
1DAC2A
1DECAB
1E2D2C
1E6DAD
1EAE2E
1EEEAF
1F2F30
1F6FB1
1FA032
1FE0B3
182134
1861B5
18A236
18E2B7
192338
1963B9
19A43A
19E4BB
1A253C
1A65BD
1AA63E
1AE6BF
1B2720
1B67A1
1BA822
1BE8A3
1C2924
1C69A5
1CAA26
1CEAA7
000000
000000
000000
000000
000000
000000
000000
000000
000000
000000
000000
000000
000000
000000
000000
000000
000000
000000
000000
000000
000000
000000
000000
000000
000000
000000
000000
000000
000000
000000
000000
000000
000000
000000
000000
000000
000000
000000
000000
000000
000000
000000
000000
000000
000000
000000
000000
000000
000000
000000
000000
000000
000000
000000
000000
000000
000000
000000
000000
000000
000000
000000
000000
000000
000000
000000
000000
000000
000000
000000
000000
000000
000000
000000
000000
000000
000000
000000
000000
000000
000000
000000
000000
000000
000000
000000
000000
000000
000000
000000
000000
000000
000000
000000
000000
000000
000000
000000
000000
000000
000000
000000
000000
000000
000000
000000
000000
000000
000000
000000
000000
000000
000000
000000
000000
000000
000000
000000
000000
000000
000000
000000
000000
000000
000000
000000
000000
000000
000000
000000
000000
000000
000000
000000
000000
000000
000000
000000
000000
000000
000000
000000
000000
000000
000000
000000
000000
000000
000000
000000
000000
000000
000000
000000
000000
000000
000000
000000
000000
000000
000000
000000
000000
000000
000000
000000
000000
000000
000000
000000
000000
000000
000000
000000
000000
000000
000000
000000
000000
000000
000000
000000
000000
000000
000000
000000
000000
000000
000000
000000
000000
000000
000000
000000
000000
000000
000000
000000
000000
000000
000000
000000
000000
000000
000000
000000
000000
000000
000000
000000
000000
000000
000000
000000
000000
000000
000000
000000
000000
000000
000000
000000
000000
000000
000000
000000
000000
000000
000000
000000
000000
000000
000000
000000
000000
000000
000000
000000
000000
000000
000000
000000
000000
000000
000000
000000
000000
000000
000000
000000
000000
000000
000000
000000
000000
000000
000000
000000
000000
000000
000000
000000
000000
000000
000000
000000
000000
000000
000000
000000
000000
000000
000000
000000
000000
000000
000000
000000
000000
000000
000000
000000
000000
000000
000000
000000
000000
000000
000000
000000
000000
000000
000000
000000
000000
000000
000000
000000
000000
000000
000000
000000
000000
000000
000000
000000
000000
000000
000000
000000
000000
000000
000000
000000
000000
000000
000000
000000
000000
000000
000000
000000
000000
000000
000000
000000
000000
000000
000000
000000
000000
000000
000000
000000
000000
000000
000000
000000
000000
000000
000000
000000
000000
000000
000000
000000
000000
000000
000000
000000
000000
000000
000000
000000
000000
000000
000000
000000
000000
000000
000000
000000
000000
000000
000000
000000
000000
000000
000000
000000
000000
000000
000000
000000
000000
000000
000000
000000
000000
000000
000000
000000
000000
000000

