000000
004081
008102
00C183
010204
014285
018306
01C387
020408
024489
02850A
02C58B
03060C
03468D
03870E
03C78F
040810
044891
048912
04C993
050A14
054A95
058B16
05CB97
060C18
064C99
068D1A
06CD9B
070E1C
074E9D
078F1E
07CF9F
081020
0850A1
089122
08D1A3
091224
0952A5
099326
09D3A7
0A1428
0A54A9
0A952A
0AD5AB
0B162C
0B56AD
0B972E
0BD7AF
0C1830
0C58B1
0C9932
0CD9B3
0D1A34
0D5AB5
0D9B36
0DDBB7
0E1C38
0E5CB9
0E9D3A
0EDDBB
0F1E3C
0F5EBD
0F9F3E
0FDFBF
102040
1060C1
10A142
10E1C3
112244
1162C5
11A346
11E3C7
122448
1264C9
12A54A
12E5CB
13264C
1366CD
13A74E
13E7CF
142850
1468D1
14A952
14E9D3
152A54
156AD5
15AB56
15EBD7
162C58
166CD9
16AD5A
16EDDB
172E5C
176EDD
17AF5E
17EFDF
183060
1870E1
18B162
18F1E3
193264
1972E5
19B366
19F3E7
1A3468
1A74E9
1AB56A
1AF5EB
1B366C
1B76ED
1BB76E
1BF7EF
1C3870
1C78F1
1CB972
1CF9F3
1D3A74
1D7AF5
1DBB76
1DFBF7
1E3C78
1E7CF9
1EBD7A
1EFDFB
1F3E7C
1F7EFD
1FBF7E
1FFFFF
000000
000000
000000
000000
000000
000000
000000
000000
000000
000000
000000
000000
000000
000000
000000
000000
000000
000000
000000
000000
000000
000000
000000
000000
000000
000000
000000
000000
000000
000000
000000
000000
000000
000000
000000
000000
000000
000000
000000
000000
000000
000000
000000
000000
000000
000000
000000
000000
000000
000000
000000
000000
000000
000000
000000
000000
000000
000000
000000
000000
000000
000000
000000
000000
000000
000000
000000
000000
000000
000000
000000
000000
000000
000000
000000
000000
000000
000000
000000
000000
000000
000000
000000
000000
000000
000000
000000
000000
000000
000000
000000
000000
000000
000000
000000
000000
000000
000000
000000
000000
000000
000000
000000
000000
000000
000000
000000
000000
000000
000000
000000
000000
000000
000000
000000
000000
000000
000000
000000
000000
000000
000000
000000
000000
000000
000000
000000
000000
000000
000000
000000
000000
000000
000000
000000
000000
000000
000000
000000
000000
000000
000000
000000
000000
000000
000000
000000
000000
000000
000000
000000
000000
000000
000000
000000
000000
000000
000000
000000
000000
000000
000000
000000
000000
000000
000000
000000
000000
000000
000000
000000
000000
000000
000000
000000
000000
000000
000000
000000
000000
000000
000000
000000
000000
000000
000000
000000
000000
000000
000000
000000
000000
000000
000000
000000
000000
000000
000000
000000
000000
000000
000000
000000
000000
000000
000000
000000
000000
000000
000000
000000
000000
000000
000000
000000
000000
000000
000000
000000
000000
000000
000000
000000
000000
000000
000000
000000
000000
000000
000000
000000
000000
000000
000000
000000
000000
000000
000000
000000
000000
000000
000000
000000
000000
000000
000000
000000
000000
000000
000000
000000
000000
000000
000000
000000
000000
000000
000000
000000
000000
000000
000000
000000
000000
000000
000000
000000
000000
000000
000000
000000
000000
000000
000000
000000
000000
000000
000000
000000
000000
000000
000000
000000
000000
000000
000000
000000
000000
000000
000000
000000
000000
000000
000000
000000
000000
000000
000000
000000
000000
000000
000000
000000
000000
000000
000000
000000
000000
000000
000000
000000
000000
000000
000000
000000
000000
000000
000000
000000
000000
000000
000000
000000
000000
000000
000000
000000
000000
000000
000000
000000
000000
000000
000000
000000
000000
000000
000000
000000
000000
000000
000000
000000
000000
000000
000000
000000
000000
000000
000000
000000
000000
000000
000000
000000
000000
000000
000000
000000
000000
000000
000000
000000
000000
000000
000000
000000
000000
000000
000000
000000
000000
000000
000000
000000
000000
000000
000000
000000
000000
000000
000000
000000
000000

