0.636521518
0.582332253
0.527346492
0.490422338
0.463356376
0.462219030
0.477307796
0.509367228
0.553306401
0.616562307
0.677926362
0.719629884
0.732967854
0.719506085
0.694591463
0.672597706
0.686157286
0.730157793
0.802494884
0.883188844
0.933254063
0.920547843
0.833749652
0.711998701
0.600473583
0.532530963
0.537331700
0.589821041
0.639643669
0.651252329
0.619132280
0.555069208
0.498639345
0.490866005
0.516915441
0.566667199
0.589133143
0.574588001
0.534778297
0.488144666
0.481263846
0.528637230
0.626033664
0.734729767
0.849442303
0.882759690
0.809495807
0.593688548
0.264722615
-0.128995687
-0.507061720
-0.787379742
-0.919489503
-0.925372243
-0.850936472
-0.758812010
-0.692215145
-0.684055865
-0.745043814
-0.844826043
-0.920806766
-0.931697488
-0.833529174
-0.604319096
-0.303179055
0.0160953179
0.292619199
0.491584867
0.582913697
0.575531721
0.466009557
0.254474580
-0.00831425935
-0.311367154
-0.599217236
-0.818071067
-0.926430404
-0.912311435
-0.746523976
-0.491739482
-0.217746705
0.0332412571
0.206338212
0.324014425
0.384792358
0.425455660
0.460699916
0.484831274
0.498619139
0.493445873
0.486304104
0.463037133
0.442727983
0.388298243
0.332214803
0.214226454
0.0333727114
-0.225343496
-0.501240611
-0.753370643
-0.903829336
-0.936366975
-0.876036704
-0.755474567
-0.623593509
-0.509857774
-0.426262915
-0.385512859
-0.375337243
-0.379281789
-0.416357964
-0.454041272
-0.471713066
-0.487296343
-0.492344707
-0.501713157
-0.491501004
-0.459108889
-0.410077333
-0.320046604
-0.171538115
-0.00168818235
0.204824597
0.403809160
0.548410773
0.596826077
0.532093048
0.338580877
0.0741109699
-0.223027647
-0.515786171
-0.736408591
-0.854048133
-0.862508297
-0.804538071
-0.725693882
-0.696497560
-0.716454566
-0.778506458
-0.871804178
-0.939276040
-0.922296643
-0.834294438
-0.702408195
-0.577183664
-0.502106011
-0.497604340
-0.554201722
-0.621421695
-0.640887618
-0.554844618
-0.346002817
-0.0708027035
0.201311752
0.419033229
0.552021503
0.610660613
0.594408810
0.498830408
0.325531483
0.0844006613
-0.193036228
-0.444162965
-0.620898008
-0.707813740
-0.714136302
-0.642445385
-0.498934388
-0.316230685
-0.119309247
0.0633079261
0.190778926
0.277705401
0.326078415
0.379799813
0.429889113
0.480971903
0.529664934
0.573097408
0.598116875
0.612357736
0.625537038
0.623536885
0.639238179
0.645560205
0.656883299
0.655869186
0.646793008
0.619045258
0.555065811
0.461550921
0.311163306
0.126535878
-0.0595235154
-0.223585755
-0.339837253
-0.383955777
-0.401416481
-0.368822724
-0.286643237
-0.151969582
0.0338644609
0.258432567
0.462492347
0.563563943
0.585030437
0.549148202
0.478135794
0.439812034
0.432481229
0.471811622
0.537171543
0.583524644
0.574589670
0.482349455
0.308981985
0.101389483
-0.108093612
-0.267547369
-0.367713422
-0.434088528
-0.459849417
-0.477157742
-0.483453810
-0.486075878
-0.476474285
-0.474332362
-0.476156592
-0.452161819
-0.408365786
-0.345442206
-0.236313581
-0.0925718397
0.0628423840
0.212665707
0.318422407
0.371086448
0.380234092
0.325459629
0.196554512
-0.0240046028
-0.291468561
-0.575524688
-0.779433131
-0.882159829
-0.866620600
-0.780243099
-0.659385502
-0.547148347
-0.438884318
-0.362356305
-0.308814347
-0.291814119
-0.298841715
-0.353644192
-0.419170201
-0.502560675
-0.585341692
-0.657196581
-0.707456768
-0.702329218
-0.659530938
-0.554717183
-0.395109564
-0.180999085
0.0891351104
0.356408179
0.565324128
0.663597882
0.637047768
0.554157376
0.464139551
0.399282485
0.391501069
0.443865180
0.506164551
0.560548961
0.586216033
0.574946165
0.533482075
0.485772103
0.452311635
0.421243280
0.412450433
0.413947880
0.410698622
0.402368218
0.411384016
0.426440716
0.453240842
0.499015093
0.559257686
0.589779496
0.574807703
0.475370854
0.292561412
0.0692527443
-0.143898055
-0.306662202
-0.404276788
-0.453086615
-0.450873852
-0.414975554
-0.316789508
-0.155258536
0.0540855601
0.275773287
0.474979907
0.571479142
0.590637207
0.560574174
0.531918526
0.548484445
0.612362385
0.707338631
0.798685908
0.876450241
0.882799625
0.835338891
0.755777776
0.683309197
0.615467906
0.587051451
0.572654009
0.577358484
0.584156275
0.593545914
0.604238927
0.602451503
0.617811501
0.636345863
0.648755491
0.654381275
0.639683962
0.612147391
0.577055454
0.544111848
0.529136300
0.551460803
0.600189567
0.636134565
0.645299792
0.620203674
0.594499052
0.594754875
0.652796447
0.763939619
0.871655524
0.940953493
0.931878865
0.842362583
0.733909667
0.644581139
0.618297935
0.671605527
0.743396759
0.838080883
0.873028755
0.777984977
0.587321758
0.310434490
0.0470450558
-0.154934004
-0.273934990
-0.318280190
-0.305342823
-0.249696076
-0.154062912
-0.0193559602
0.139060110
0.289410889
0.396904320
0.449343026
0.447730988
0.402337044
0.296118289
0.109150976
-0.138302356
-0.419443637
-0.675835490
-0.847476840
-0.881017089
-0.779831707
-0.545705855
-0.213671833
0.161737129
0.515180409
0.782253861
0.916265547
0.939922333
0.878750920
0.795577705
0.726014316
0.671339631
0.652483225
0.652180433
0.664973855
0.657633305
0.662901103
0.648190856
0.615616202
0.578038573
0.523134112
0.472794712
0.425965071
0.402923435
0.367067695
0.295855701
0.154182985
-0.0441728905
-0.267806560
-0.473828167
-0.596274674
-0.638617873
-0.612914324
-0.573003173
-0.555232167
-0.562611222
-0.590081871
-0.614479601
-0.634578049
-0.627961993
-0.622721791
-0.598188698
-0.565971017
-0.554732382
-0.571296751
-0.608287036
-0.635593593
-0.623212874
-0.541866004
-0.360126495
-0.122210652
0.144425511
0.386353284
0.569105208
0.653458595
0.631479084
0.524385989
0.334067166
0.0988173038
-0.156425044
-0.385334909
-0.553702056
-0.642407954
-0.608223975
-0.471909046
-0.245473430
-0.00894669443
0.197748989
0.352697551
0.439867884
0.481954038
0.482373565
0.445568353
0.356784403
0.219427794
0.0304347165
-0.202399373
-0.407682627
-0.554053843
-0.597366989
-0.503217995
-0.302306294
-0.0437530726
0.211679637
0.432951033
0.579249620
0.661163628
0.653378069
0.564678490
0.376517355
0.121596456
-0.157404408
-0.390483171
-0.564280808
-0.647499204
-0.654797316
-0.598828912
-0.470431775
-0.290870070
-0.0799370110
0.101823457
0.224896684
0.275524288
0.281361371
0.245452106
0.160780892
0.0511000976
-0.0892711133
-0.224509105
-0.330293357
-0.405245334
-0.457569897
-0.504300833
-0.540221095
-0.589489043
-0.636869013
-0.690869153
-0.739046872
-0.752678514
-0.754459739
-0.739193261
-0.715575159
-0.710257888
-0.725215375
-0.739351273
-0.764694214
-0.776580870
-0.745483339
-0.652891219
-0.482255697
-0.217857450
0.103509776
0.427768052
0.696899056
0.848776460
0.873159945
0.797215402
0.700979650
0.607381642
0.570464015
0.583473325
0.620055437
0.648726583
0.622143567
0.548161685
0.457408547
0.389099956
0.372331679
0.414561331
0.512209773
0.596919656
0.637156725
0.582769752
0.396475047
0.109002084
-0.232508183
-0.554928720
-0.790921628
-0.917261600
-0.937708676
-0.872225881
-0.795759857
-0.712605178
-0.671763420
-0.660262644
-0.675840855
-0.693697751
-0.704306424
-0.683190823
-0.652169347
-0.600949109
-0.578270793
-0.594778419
-0.627962947
-0.660779655
-0.628356218
-0.506652713
-0.283296347
-0.00362017006
0.263677865
0.481440246
0.638996184
0.728295147
0.779412627
0.779252410
0.755641341
0.688274801
0.610189557
0.544086695
0.479916841
0.420890778
0.366120607
0.303221434
0.205456465
0.0880521387
-0.0450477786
-0.160757750
-0.250117064
-0.312552899
-0.321091622
-0.273954093
-0.160593048
0.0334436297
0.291468114
0.560103774
0.775368929
0.880388081
0.874171138
0.802629411
0.716693044
0.648094118
0.603048682
0.602110088
0.615245581
0.618268192
0.618690968
0.584623337
0.548636794
0.514602304
0.511896670
0.537109017
0.587898135
0.633008182
0.642760217
0.599800050
0.549543321
0.504016578
0.463846445
0.430964231
0.411257088
0.382680446
0.350362331
0.285190940
0.180095151
0.0319317728
-0.144024178
-0.336009383
-0.496787757
-0.614006042