-0.637084901
-0.650451422
-0.654031873
-0.652403891
-0.635657966
-0.636449933
-0.644308686
-0.662458658
-0.675024748
-0.681798697
-0.648504317
-0.599032342
-0.544864476
-0.488269567
-0.448067874
-0.417098582
-0.371925175
-0.316355914
-0.234957606
-0.116073497
0.0252095796
0.165697932
0.274426222
0.341203898
0.375614822
0.359294534
0.314940184
0.207946658
0.0311180931
-0.166679040
-0.373270988
-0.515346766
-0.582588971
-0.582124650
-0.503067255
-0.344513804
-0.112190247
0.169177473
0.425349712
0.621108174
0.721770406
0.741630971
0.694226861
0.575432777
0.368869931
0.113560066
-0.154829562
-0.401279300
-0.560182214
-0.587990940
-0.505235553
-0.343961477
-0.139768362
0.0637828037
0.223317534
0.329596877
0.382242709
0.384659946
0.347551644
0.251764506
0.0897991061
-0.105527095
-0.342281818
-0.537667811
-0.645296693
-0.646513343
-0.530087829
-0.343928307
-0.107944444
0.153599858
0.378970832
0.551353216
0.633635461
0.621640503
0.500940084
0.300924242
0.0395953134
-0.217955709
-0.447022080
-0.599657655
-0.652905941
-0.642205596
-0.591440678
-0.534638584
-0.509080589
-0.504243672
-0.527004838
-0.550200820
-0.561529398
-0.571684539
-0.555770993
-0.534488976
-0.506128013
-0.507889628
-0.526297092
-0.574002683
-0.641614139
-0.647828102
-0.570773840
-0.403390169
-0.192941785
0.00570059568
0.150469035
0.252426356
0.310374498
0.355694354
0.408942461
0.464416713
0.515450656
0.560323596
0.585742652
0.602902174
0.604961812
0.593344986
0.584671736
0.586030006
0.601647675
0.649629951
0.731260240
0.827403545
0.908365548
0.934793174
0.841148913
0.620494425
0.291482389
-0.0790147781
-0.429766923
-0.714025199
-0.867004454
-0.893093407
-0.790164292
-0.569028258
-0.297468543
-0.0411931500
0.162988842
0.291773915
0.347160667
0.346002162
0.295888245
0.181764290
0.0288743004
-0.126064077
-0.254067302
-0.350181669
-0.393497825
-0.395191610
-0.361690164
-0.259569019
-0.0792703405
0.187412024
0.469609201
0.720528901
0.863481164
0.881653965
0.828982830
0.754947662
0.710882127
0.725733459
0.796043038
0.886138260
0.946006060
0.916646659
0.830154955
0.691051841
0.566333413
0.501075685
0.499715716
0.546064973
0.602491558
0.631267726
0.618363857
0.592802048
0.576743364
0.585807562
0.629009128
0.680214763
0.712304771
0.737136364
0.735675931
0.728236735
0.721048236
0.706619799
0.697929323
0.696812749
0.690570056
0.683080375
0.677372813
0.683438063
0.707802057
0.764009476
0.819853246
0.878177047
0.904264033
0.872186065
0.789713740
0.678660214
0.572958231
0.504747331
0.486875027
0.524953604
0.565690756
0.585176587
0.525785208
0.379955679
0.169034243
-0.0491044037
-0.224925131
-0.335493535
-0.388105690
-0.392410725
-0.346967220
-0.244816199
-0.0860192403
0.130544454
0.339149594
0.507433116
0.583788753
0.583412230
0.523979008
0.461416364
0.400273502
0.364389032
0.346313357
0.340160489
0.337851197
0.345012277
0.341173321
0.357195169
0.378243089
0.423667222
0.476618648
0.540939093
0.581996143
0.579400718
0.551730037
0.488822639
0.458161861
0.459263176
0.506114125
0.578632593
0.649005890
0.621038079
0.502838612
0.274146587
-0.00140273944
-0.279206067
-0.497454107
-0.651134789
-0.737907529
-0.773220778
-0.766607881
-0.725118637
-0.649384022
-0.566468596
-0.486406147
-0.421736926
-0.392583698
-0.379986286
-0.409967422
-0.463184118
-0.534251690
-0.631166101
-0.727184653
-0.831928074
-0.894313872
-0.875688434
-0.760371268
-0.524610639
-0.240478009
0.0423586741
0.245811284
0.376624167
0.443756223
0.438447475
0.398549110
0.306547046
0.168191746
0.0105396286
-0.135691673
-0.261449516
-0.341741860
-0.391580135
-0.421803445
-0.426093966
-0.432777017
-0.424686462
-0.424579501
-0.428418756
-0.409331650
-0.380863786
-0.316609591
-0.205011457
-0.0493327081
0.153958485
0.356884122
0.516128540
0.595670521
0.575816810
0.503991246
0.429810524
0.379681319
0.376848757
0.423633695
0.496443361
0.567121983
0.588917434
0.520553112
0.360283047
0.144261152
-0.0565827452
-0.199091464
-0.285128623
-0.316688865
-0.309496552
-0.246102184
-0.132079184
0.0412892997
0.235462308
0.417298377
0.555954933
0.658177912
0.712096870
0.728837311
0.751308143
0.741868377
0.740866125
0.727172494
0.723800778
0.724275470
0.709690571
0.693717480
0.674343050
0.631738245
0.593853295
0.528716087
0.469619274
0.419211447
0.365428984
0.287571609
0.171979398
0.00204240903
-0.203038096
-0.392692089
-0.551197290
-0.632138968
-0.626561701
-0.534409225
-0.351479739
-0.101763628
0.184062093
0.421405584
0.592232585
0.687183499
0.701771855
0.664880395
0.556413651
0.355478436
0.0811604485
-0.204602286
-0.458841801
-0.605026007
-0.628687084
-0.593670309
-0.555589497
-0.546012342
-0.615286410
-0.738073170
-0.849217415
-0.931873977
-0.925103426
-0.851745903
-0.744175196
-0.661015570
-0.636141598
-0.681595385
-0.761375606
-0.847595692
-0.887147427
-0.836850822
-0.658971727
-0.395514905
-0.0887477249
0.205633774
0.428076357
0.568779171
0.590711415
0.505805612
0.352588683
0.155258209
-0.0338148028
-0.182049811
-0.287211657
-0.361347139
-0.402706832
-0.414487392
-0.408959895
-0.403634667
-0.380492687
-0.357624114
-0.331834942
-0.306441545
-0.291756868
-0.309118569
-0.356741130
-0.447712392
-0.556836128
-0.701178730
-0.836265862
-0.925040603
-0.933939040
-0.827361465
-0.620327532
-0.349420071
-0.0902060941
0.110396132
0.233558685
0.306621850
0.352271199
0.382297754
0.401470959
0.408767045
0.415622741
0.403049827
0.386779457
0.353242308
0.320636421
0.255439520
0.141427338
-0.0367059708
-0.275613070
-0.547992170
-0.785024107
-0.924472630
-0.927354157
-0.795739710
-0.557917297
-0.256953329
0.0489154905
0.298508853
0.491198093
0.588141501
0.569414496
0.454348028
0.243170291
-0.0432895310
-0.355141848
-0.646058977
-0.848014951
-0.934506714
-0.917054474
-0.817011893
-0.702957034
-0.631500721
-0.622285426
-0.683175921
-0.791135550
-0.910221279
-0.936534464
-0.850325227
-0.618597507
-0.253545761
0.132259756
0.495357871
0.757737756
0.889379144
0.902217925
0.825243175
0.727792561
0.640073895
0.585880518
0.567018628
0.587369323
0.590798378
0.579973340
0.522848845
0.452999532
0.404434860
0.409950197
0.461108923
0.549783707
0.608931243
0.642419517
0.618330061
0.579839885
0.584115982
0.627308547
0.741189837
0.863132000
0.929289341
0.936922252
0.866521895
0.777843595
0.691146016
0.632198393
0.610202312
0.619570255
0.646210372
0.649499953
0.630932152
0.575287342
0.517494321
0.462735265
0.407425165
0.377830386
0.344909400
0.327211231
0.333301127
0.354455948
0.419659227
0.529935539
0.663630068
0.808452249
0.926867008
0.932285666
0.830701530
0.615926504
0.331368864
0.0568143837
-0.145397991
-0.263935536
-0.317915976
-0.306789130
-0.247941002
-0.121552750
0.0629370883
0.268314034
0.446945637
0.592376351
0.664743185
0.684809387
0.645279050
0.540015101
0.365646303
0.111834109
-0.180524185
-0.429911077
-0.612964630
-0.661145449
-0.572306871
-0.390497863
-0.180539221
0.0142724067
0.175886944
0.280026078
0.351914793
0.397706777
0.424551666
0.461856574
0.506825984
0.567520797
0.638038278
0.685652375
0.696491838
0.667881012
0.566517770
0.420214564
0.209528565
-0.0638625920
-0.326159537
-0.519846082
-0.626002610
-0.629392087
-0.577068686
-0.507089913
-0.481630713
-0.482846886
-0.521219671
-0.565069795
-0.613064587
-0.629231334
-0.605005085
-0.576203883
-0.539887190
-0.524966657
-0.537992299
-0.568510711
-0.586183727
-0.584403098
-0.575122535
-0.549998224
-0.557949364
-0.600544870
-0.690317273
-0.793051898
-0.874283850
-0.862224460
-0.746488333
-0.526140451
-0.248770803
0.0180727169
0.216119334
0.352968693
0.437268108
0.484701335
0.532400310
0.574288666
0.606566370
0.673986971
0.723467112
0.764558554
0.764386833
0.712852180
0.614129484
0.465416670
0.289392442
0.0918315798
-0.0779702812
-0.213384137
-0.318734735
-0.372643858
-0.417294443
-0.457495004
-0.519456506
-0.605645537
-0.712510943
-0.807797194
-0.875219703
-0.895638108
-0.867212117
-0.785211623
-0.678993344