-0.6399072409
-0.6833860874
-0.7398912311
-0.7990134954
-0.8493699431
-0.8795046210
-0.8774645925
-0.8300975561
-0.7247026563
-0.5549638867
-0.3291780949
-0.0743810982
0.1697074622
0.3660217524
0.4956761897
0.5632913709
0.5891631246
0.5946908593
0.5908518434
0.5757364631
0.5406616330
0.4796075821
0.3956874907
0.3010738492
0.2113643736
0.1387377381
0.0881373361
0.0577567294
0.0422170833
0.0361132957
0.0365838595
0.0445857309
0.0648065954
0.1039971039
0.1676263511
0.2553650141
0.3569567800
0.4511997998
0.5107285976
0.5125048161
0.4492159188
0.3343758881
0.1973522902
0.0716827214
-0.0156188561
-0.0485811904
-0.0217204988
0.0609572120
0.1847361922
0.3230161369
0.4412409365
0.5080569983
0.5090324283
0.4540340304
0.3727071583
0.3011023402
0.2681441307
0.2884449363
0.3616289794
0.4748313725
0.6065269113
0.7322458029
0.8319950104
0.8964281082
0.9281499386
0.9375626445
0.9364128113
0.9330600500
0.9312415719
0.9314127564
0.9327471852
0.9344720840
0.9361575246
0.9371868968
0.9358932376
0.9290077686
0.9121307731
0.8815975189
0.8370912671
0.7831349969
0.7274702787
0.6761730909
0.6283121705
0.5746083856
0.5027385354
0.4071210325
0.2969088256
0.1963564456
0.1365819126
0.1428804249
0.2235865891
0.3651988804
0.5361066461
0.6982609034
0.8220856786
0.8969156742
0.9308465719
0.9402024746
0.9352667928
0.9109377265
0.8479491472
0.7245593071
0.5325651169
0.2877979577
0.0272441916
-0.2067285180
-0.3853383958
-0.5034125447
-0.5748671889
-0.6181173921
-0.6419202089
-0.6408333182
-0.6025166512
-0.5210675001
-0.4066559374
-0.2849555612
-0.1877948642
-0.1421685964
-0.1634582132
-0.2530242205
-0.3972077668
-0.5671283603
-0.7221665978
-0.8192305565
-0.8251649737
-0.7263132334
-0.5311074257
-0.2663915157
0.0290925540
0.3117202222
0.5405237079
0.6856803298
0.7361558676
0.7025911212
0.6126968265
0.5006915927
0.3960530162
0.3167020082
0.2681623995
0.2468269020
0.2445089817
0.2521853745
0.2619341910
0.2671940923
0.2623505294
0.2426990271
0.2050111443
0.1480131298
0.0719902292
-0.0224016011
-0.1348652691
-0.2639941871
-0.4031670690
-0.5364186764
-0.6391868591
-0.6868395805
-0.6674371362
-0.5899419188
-0.4811790287
-0.3731628060
-0.2893643975
-0.2380518615
-0.2145033628
-0.2080324292
-0.2084823251
-0.2094273269
-0.2086304277
-0.2077511847
-0.2124344856
-0.2320349962
-0.2771836817
-0.3543637395
-0.4592929184
-0.5731173158
-0.6649342775
-0.7008439898
-0.6558987498
-0.5236699581
-0.3194770217
-0.0764735788
0.1632634550
0.3590770960
0.4801908731
0.5103138685
0.4481433928
0.3051653504
0.1029035076
-0.1291809380
-0.3559836745
-0.5412026644
-0.6547199488
-0.6808879375
-0.6237441301
-0.5060417652
-0.3621789217
-0.2283552587
-0.1342710406
-0.0987201557
-0.1282860488
-0.2168736458
-0.3451130986
-0.4812230468
-0.5858742595
-0.6215966940
-0.5639394522
-0.4097403288
-0.1788456142
0.0916067660
0.3583678305
0.5846124887
0.7488237023
0.8463100195
0.8833863735
0.8684823513
0.8060622811
0.6970044374
0.5445916653
0.3612885475
0.1707824320
0.0032491498
-0.1132172719
-0.1600728780
-0.1321776211
-0.0387420654
0.0980200022
0.2480845898
0.3833302557
0.4876407981
0.5602838993
0.6093332171
0.6400940418
0.6480679512
0.6221799254
0.5551929474
0.4524054825
0.3317384422
0.2156767398
0.1212850437
0.0543871857
0.0098165683
-0.0239893328
-0.0588001609
-0.1012868211
-0.1507159770
-0.2006681114
-0.2436418533
-0.2755744159
-0.2974529862
-0.3133038282
-0.3261171877
-0.3340443969
-0.3286215365
-0.2958605587
-0.2202835083
-0.0911404565
0.0000000000
