-0.0236384310
0.0375727341
0.0736752823
0.0764389932
0.0402209759
-0.0374876000
-0.1547914594
-0.3028327227
-0.4626776874
-0.6046236157
-0.6937611103
-0.7023991942
-0.6236843467
-0.4773370028
-0.3026467264
-0.1429372877
-0.0312397871
0.0160480216
-0.0018476613
-0.0737914369
-0.1803896576
-0.2982333302
-0.4056960046
-0.4887045920
-0.5433590412
-0.5740157366
-0.5886393785
-0.5945805311
-0.5966519713
-0.5972470045
-0.5971931219
-0.5962881446
-0.5930551291
-0.5837019682
-0.5607882142
-0.5129065514
-0.4271901250
-0.2954317629
-0.1215522587
0.0748473629
0.2633970082
0.4152547419
0.5154824853
0.5674852133
0.5872166157
0.5916086435
0.5881137848
0.5702713728
0.5211210847
0.4233949482
0.2719621360
0.0811674967
-0.1188635230
-0.2958413363
-0.4300133586
-0.5199381709
-0.5762491822
-0.6092743278
-0.6199604869
-0.5999200940
-0.5394513607
-0.4371905625
-0.3046166897
-0.1627109349
-0.0335831270
0.0673477948
0.1346280426
0.1713057905
0.1851495355
0.1849378794
0.1778625548
0.1681954265
0.1571509242
0.1437602788
0.1263445914
0.1039907187
0.0774946287
0.0493486784
0.0223856010
-0.0028691934
-0.0308675170
-0.0714035332
-0.1360020936
-0.2313498557
-0.3538010120
-0.4893464148
-0.6196927428
-0.7299039364
-0.8114322424
-0.8586196303
-0.8633022308
-0.8144901395
-0.7054553628
-0.5431480408
-0.3518524766
-0.1674110740
-0.0258477181
0.0464352481
0.0371335186
-0.0508944727
-0.1987134963
-0.3713718355
-0.5236121416
-0.6136991382
-0.6204112768
-0.5529645681
-0.4467943311
-0.3476256430
-0.2934491634
-0.3031039536
-0.3738669753
-0.4855924547
-0.6085733771
-0.7135707140
-0.7817820907
-0.8106009960
-0.8114437461
-0.8000680804
-0.7846509218
-0.7584792972
-0.7016082406
-0.5911002755
-0.4148462117
-0.1817336679
0.0772403851
0.3172023892
0.4924188554
0.5685496926
0.5310102105
0.3885274231
0.1713357419
-0.0766365528
-0.3104847670
-0.4974364340
-0.6243846416
-0.6966900826
-0.7302530408
-0.7422176600
-0.7448453307
-0.7438143492
-0.7396460772
-0.7302851677
-0.7135226727
-0.6888445020
-0.6586924791
-0.6289889216
-0.6084400415
-0.6061865091
-0.6279478073
-0.6716027260
-0.7238631248
-0.7602279782
-0.7502882481
-0.6686550379
-0.5078647137
-0.2857230902
-0.0404534638
0.1854393929
0.3630647957
0.4857867062
0.5648838282
0.6177524924
0.6574652195
0.6888175607
0.7103421688
0.7186957002
0.7122088075
0.6922552586
0.6622681618
0.6246004701
0.5763073564
0.5066063404
0.3992448747
0.2406619191
0.0305850655
-0.2113052905
-0.4477603734
-0.6351931095
-0.7379696965
-0.7385644913
-0.6400180459
-0.4621636569
-0.2353491783
0.0056061000
0.2261907905
0.3954728246
0.4882684350
0.4874981046
0.3879337311
0.2007174194
-0.0445917845
-0.3044089973
-0.5329273939
-0.6971474886
-0.7875576019
-0.8184380531
-0.8176783323
-0.8117201328
-0.8127714396
-0.8131121397
-0.7880126238
-0.7063432336
-0.5457489491
-0.3065925539
-0.0177294090
0.2700023949
0.5006169677
0.6325798035
0.6522771716
0.5760120749
0.4412410557
0.2928873301
0.1715031415
0.1063334644
0.1117466241
0.1848120242
0.3052856624
0.4415592849
0.5627101064
0.6504226923
0.7027429938
0.7273942828
0.7305913568
0.7105793357
0.6609484553
0.5807038546
0.4825077057
0.3918896019
0.3372812867
0.3373889923
0.3933754861
0.4891058505
0.5981308818
0.6939353347
0.7593951821
0.7916244864
0.8003013730
0.8009618521
0.8072558045
0.8257821202
0.8547400832
0.8857644200
0.9078503847
0.9121271372
0.8956848383
0.8626453280
0.8220243454
0.7839102149
0.7563543916
0.7443259358
0.7501730323
0.7739004493
0.8119893670
0.8550031781
0.8857457042
0.0000000000
