52.4355926514 
33.6396980286 
28.2901897430 
13.5455112457 
6.5802497864 
-75.4953155518 
-105.5748443604 
35.1126174927 
33.2531127930 
-85.5754547119 
-39.6909370422 
2.6465492249 
-10.3125467300 
22.2509346008 
5.9122276306 
-13.7237482071 
-12.0145311356 
-32.1825561523 
-20.8921394348 
-21.0902957916 
-14.1336088181 
12.6418571472 
3.5276784897 
43.4304161072 
43.7575149536 
-24.0576019287 
5.7375245094 
-24.4696979523 
-40.7929687500 
135.1110687256 
106.8374862671 
-69.9374542236 
-15.7327690125 
20.8200912476 
-15.8409633636 
30.4892158508 
4.6331539154 
-40.2836227417 
-25.2137622833 
-36.4363746643 
-33.1891937256 
-38.5981178284 
-46.4533462524 
-8.6612606049 
-20.7277736664 
-43.6613044739 
-24.3434581757 
-34.0594558716 
-24.3857154846 
6.6205620766 
0.2527971268 
-2.5007407665 
4.3233509064 
13.3282279968 
13.4724292755 
-7.6384105682 
-6.0759420395 
-15.5562152863 
-28.3793029785 
16.9625968933 
2.7069511414 
-61.0673294067 
-18.3265838623 
27.0967178345 
11.1044206619 
34.4186401367 
21.3312149048 
-42.4019165039 
-22.7252483368 
17.3955421448 
-7.1484489441 
-19.2856693268 
-8.4359779358 
-11.5337104797 
-3.9007091522 
9.3614883423 
6.3862953186 
-0.1070653200 
3.3895602226 
10.5394506454 
2.4690465927 
-8.4352359772 
-7.6516103745 
-14.9894466400 
-14.5066509247 
-1.2609781027 
-9.9204788208 
-18.8944549561 
-14.3409032822 
-16.1374092102 
-16.4121742249 
-21.0436363220 
-17.1435337067 
-0.4305092692 
-6.9025716782 
-5.4265155792 
-0.6398139000 
-26.7368335724 
-6.9845519066 
31.3944988251 
4.4914312363 
-9.2572050095 
2.4394044876 
-9.1290540695 
-0.0797078609 
12.4462413788 
1.3664940596 
-0.0193554163 
0.1684260368 
-1.3508346081 
-0.8307993412 
-5.5715522766 
-3.6766099930 
-4.8070874214 
-4.8773584366 
3.9036357403 
-1.6111856699 
-4.3715639114 
-0.4093313217 
-8.9534397125 
-4.2174868584 
2.9580194950 
-7.5491786003 
-8.9438772202 
-6.4624872208 
-6.6604309082 
-1.6997823715 
-2.8090715408 
0.6665740013 
7.2784872055 
-0.4309146404 
-4.8054857254 
-1.6791787148 
-3.4332864285 
-2.8759822845 
-1.0876996517 
-5.0511450768 
-8.4681444168 
-5.0457882881 
-1.2839523554 
-2.5394291878 
-1.5535173416 
0.1239503026 
-1.2905567884 
-0.4862960577 
-1.0705653429 
-1.9474126101 
0.2880821824 
-1.1223824024 
-1.8370273113 
1.0299251080 
1.2692151070 
-0.1096069813 
-1.7659502029 
-1.4794222116 
-0.5267053246 
-1.3051130772 
0.3741157055 
-0.7532131672 
-3.4056730270 
-0.6637453437 
-1.2454040051 
-1.7132779360 
0.9123874903 
-1.9990925789 
-2.2087244987 
-1.0923781395 
-3.8102147579 
-1.0171074867 
0.0812544823 
-2.3342437744 
-0.8416028023 
-1.3334333897 
-1.0093333721 
-0.7041246891 
-3.2557017803 
-0.5139769316 
0.3432253599 
-1.6991033554 
0.4404911995 
-1.0157532692 
-1.8388018608 
0.4550946951 
-1.0244774818 
-0.6009467840 
-0.4237565994 
-1.6049807072 
0.2576595545 
-1.3870344162 
-2.2883367538 
0.1765773296 
-0.9019479752 
-1.1313295364 
-1.1143499613 
-1.6925010681 
-0.0573085546 
-1.4160287380 
-1.8261704445 
-0.1825187206 
-1.4959980249 
-0.8519531488 
-0.6227977276 
-1.4883415699 
0.0793814659 
-1.1952180862 
-1.5406060219 
-0.3475406468 
-2.0436275005 
-0.6120803356 
0.0063288212 
-1.8855477571 
-0.4552175999 
-1.0817747116 
-1.6392641068 
-0.1195230484 
-1.4173113108 
-0.9921875000 
-0.5759334564 
-1.6590490341 
-0.3056199551 
-0.9377962351 
-1.2613828182 
-0.1502051353 
-1.4910049438 
-0.6745591164 
-0.2972383499 
-1.4996147156 
-0.1677465439 
-0.8598909378 
-1.1471605301 
-0.1428089142 
-1.5494413376 
-0.2917103767 
0.1996246427 
-1.6014952660 
-0.3824090958 
-0.8088958263 
-1.2951450348 
-0.3593792915 
-1.6907948256 
-0.6934306026 
-0.2024965286 
-1.7516570091 
-0.5455499887 
-0.9316112995 
-1.3516161442 
-0.7722835541 
-2.1755518913 
-0.5018911362 
0.0858774185 
-1.8072381020 
-0.2001223564 
-0.8018655777 
-1.4787340164 
0.5656771660 
-0.8452453613 
-1.0824317932 
-0.5091342926 
-1.9849681854 
-0.8176658154 
-0.9236658812 
-1.5062522888 
0.1345453262 
-0.9216670990 
-1.2187371254 
-0.5784196854 
-1.6490831375 
-0.6840705872 
-0.2326366901 
-0.5860362053 
-0.2930575609 
-1.1319513321 
-0.1317722797 
0.1279730797 
-1.1368486881 
-0.0129845142 
-0.7978758812 
-1.2358753681 
0.6971877813 
-0.4229722023 
-0.7623367310 
-0.1709866524 
-1.2547293901 
-0.4963064194 
-0.5339393616 
-1.0714645386 
-0.4424705505 
-1.1988029480 
-0.4898695946 
-0.0845479965 
-1.3104159832 
-0.4071593285 
-0.6692417860 
-1.1831293106 
-0.2973780632 
-1.0799322128 
-0.5584323406 
-0.1030263901 
-0.9328539371 
-0.1015255451 
-0.9624948502 
-1.3381967545 
0.0197916031 
-0.9550023079 
-0.5739512444 
-0.0340739489 
-0.9091005325 
-0.0325741768 
-1.0322802067 
-1.3778781891 
0.4182841778 
-0.7550507784 
-0.7001153231 
-0.0084643364 
-1.1641368866 
-0.2880380154 
-0.7470301390 
-1.3480648994 
0.0567378998 
-0.9745941162 
-0.8756935596 
-0.1580748558 
-1.4231595993 
-0.4922485352 
-0.4179325104 
-1.1867061853 
-0.2541210651 
-0.9787558317 
-0.8006072044 
-0.1168216467 
-0.9011194706 
-0.1774680614 
-0.6786270142 
-1.1475397348 
0.0564718246 
-0.8753088713 
-0.6332270503 
-0.0481407642 
-1.2147886753 
-0.3297312260 
-0.5719821453 
-1.1615427732 
0.0875289440 
-0.8266594410 
-0.7226288319 
-0.0425777435 
-1.1987543106 
-0.3445222378 
-0.4259390831 
-1.1042566299 
-0.0159965754 
-0.8036981821 
-0.5726009607 
0.0093603134 
-1.3660736084 
-0.4241988659 
-0.3210062981 
-1.1835238934 
-0.0655870438 
-0.8210167885 
-0.9718375206 
-0.0196862221 
-0.7251677513 
-0.2086573839 
-0.4851160049 
-1.0359920263 
0.0543575287 
-0.7034621239 
-0.4620101452 
0.1674947739 
-1.1923203468 
-0.1671783924 
0.1429817677 
-0.9785314798 
-0.1723961830 
-0.8111824989 
-0.9626592398 
-0.0869622231 
-0.8882857561 
-0.3334822655 
-0.3107168674 
-1.0811178684 
-0.2037501335 
-0.8255815506 
-0.9785652161 
-0.0817627907 
-0.6832849979 
-0.3169395924 
-0.4162580967 
-0.9847130775 
-0.3094780445 
-0.6965060234 
-0.2890262604 
-0.1277149916 
-1.4085040092 
-0.4866505861 
-0.4866455793 
-1.2041144371 
-0.1393754482 
-0.8739078045 
-0.9472281933 
-0.1637826413 
-1.0939915180 
-0.5157216191 
-0.4845178127 
-1.1782522202 
-0.3033735752 
-0.7153830528 
-0.4698097706 
-0.0081536770 
-1.0814690590 
-0.2724318504 
-0.3167620897 
-0.9571874142 
0.1364269257 
-0.6765680313 
-0.7015526295 
0.0183930397 
-1.1062048674 
-0.2444834709 
-0.0908570290 
-1.0188938379 
-0.0202808380 
-0.7821810246 
-1.0079059601 
-0.1031355858 
-1.0859375000 
-0.4346170425 
-0.2095756531 
-1.1489663124 
-0.2554244995 
-0.7871901989 
-0.9489994049 
-0.1568302959 
-1.1089000702 
-0.4617571831 
-0.2335805893 
-1.0738372803 
-0.0830442905 
-0.6940374374 
-0.9612612724 
0.0200023651 
-0.8929712772 
-0.3909950256 
-0.0723047256 
-1.1186652184 
-0.3418977261 
-0.5794487000 
-0.7994384766 
-0.0136351585 
-0.7996015549 
-0.5428552628 
-0.3999633789 
-1.0392246246 
-0.2074222565 
-0.5679416656 
-0.6691520214 
-0.0912096500 
-0.9931032658 
-0.4200601578 
-0.2341508865 
-0.9436979294 
-0.0100264549 
-0.5615749359 
-0.8167538643 
0.0306713581 
-0.8330569267 
-0.5454921722 
-0.3826065063 
-0.9874601364 
-0.0910720825 
-0.5900573730 
-0.7871847153 
-0.1189918518 
-1.0494384766 
-0.5979919434 
-0.4417335987 
-1.0693118572 
-0.0936040878 
-0.7154960632 
-0.9163141251 
-0.0641098022 
-1.0131530762 
-0.4788475037 
-0.2419376373 
-1.0750656128 
-0.0897521973 
-0.6630096436 
-0.9348297119 
0.1812862158 
-0.6868305206 
-0.3871009350 
-0.0930099487 
-0.9522056580 
-0.1003484726 
-0.4885349274 
-0.7783194184 
0.0254726410 
-0.8551559448 
-0.4294791222 
-0.1859068871 
-0.9472312927 
-0.0186090469 
-0.8503675461 
-1.2516708374 
0.1083526611 
-0.8181362152 
-0.6397228241 
-0.1567478180 
-1.2175350189 
-0.3631706238 
-0.3461151123 
-0.7625045776 
-0.0208168030 
-0.8438014984 
-0.6419353485 
-0.2660081387 
-1.0916137695 
-0.2686805725 
-0.4283618927 
-0.8224563599 
-0.0662040710 
-0.8887825012 
-0.8646372557 
-0.5634317398 
-0.9825696945 
-0.1569585800 
-0.7726869583 
-0.9912672043 
0.0454845428 
-0.8424520493 
-0.4336452484 
-0.0662612915 
-1.2312164307 
-0.3523443937 
-0.3249626160 
-0.7281227112 
0.0283184052 
-0.7375836372 
-0.4359893799 
-0.0988941193 
-1.0643768311 
-0.2887802124 
-0.5197677612 
-0.9214401245 
-0.0037012100 
-0.7530689240 
-0.5537595749 
-0.1194751263 
-0.8779296875 
-0.1301403046 
-0.4618034363 
-0.8359661102 
0.0281257629 
-0.7417449951 
-0.3585257530 
0.0281620026 
-0.9624595642 
-0.1617755890 
-0.4445896149 
-0.8900480270 
0.0040249825 
-0.8034205437 
-0.3784811497 
0.0314462185 
-1.2146873474 
-0.2965621948 
-0.2501175404 
-0.8050985336 
0.1401391029 
-0.5968294144 
-0.5227603912 
0.0091978312 
-0.8468322754 
-0.1529970169 
-0.3402757645 
-0.8480033875 
0.0119400024 
-0.7163934708 
-0.5266437531 
-0.0640678406 
-0.9917678833 
-0.2906501293 
-0.4817810059 
-0.9711222649 
-0.1740283966 
-0.8187161684 
-0.2775292397 
0.0852258205 
-1.1904255152 
-0.2656693459 
-0.3038320541 
-0.9108932614 
0.0803599358 
-0.6828410625 
-0.5078639984 
0.0048069954 
-1.1662153006 
-0.3521261215 
-0.3673896790 
-1.0136613846 
0.0546560287 
-0.6945672035 
-0.7653121948 
-0.0593891144 
-0.9236914515 
-0.3034808636 
-0.3777692318 
-0.9493556023 
-0.0224075317 
-0.6098027229 
-0.3835010529 
0.1261572838 
-1.0070848465 
-0.3138427734 
-0.3480701447 
-1.0667803288 
-0.2444472313 
-0.7416137457 
-0.3344274759 
0.1133675575 
-1.1109631062 
-0.2837831974 
-0.4297513962 
-1.0672329664 
0.3005094528 
-0.5847101212 
-0.8577959538 
0.2649928331 
-0.4445190430 
-0.0020494461 
-0.0979175568 
-0.8554619551 
0.0029928684 
-0.5928244591 
-0.5448369980 
0.1969501972 
-0.6877155304 
-0.1102247238 
-0.1414356232 
-0.9221309423 
-0.1944735050 
-0.6409153938 
-0.3616216183 
0.1362314820 
-0.7964880466 
-0.1042081118 
-0.4120567143 
-0.7395796776 
0.6944801807 
-0.4451532364 
-0.7045632601 
0.2332036495 
-0.8317098022 
-0.2182810903 
-0.1877368689 
-0.9649151564 
0.1311031580 
-0.5797322989 
-0.7141303420 
0.1245061755 
-0.9028651714 
-0.3857427239 
-0.4116442204 
-1.1144735813 
0.0294861197 
-0.6067579985 
-0.6299796700 
0.2458729148 
-0.7815287113 
-0.2198178768 
-0.2814288139 
-0.9952053428 
0.2257384658 
-0.6055442095 
-0.7756537199 
0.3228865266 
-0.6591179371 
-0.1292719841 
-0.0993134975 
-0.9279770851 
0.2379174232 
-0.6256647110 
-0.9630055428 
0.3224165440 
-0.5061461926 
-0.2264199257 
-0.2064654827 
-0.9010919333 
0.1932200193 
-0.5978102684 
-0.8186173439 
0.1677479744 
-0.9390597343 
-0.2011038065 
0.1822506785 
-1.0462566614 
-0.1192746162 
-0.4421799183 
-0.7089065313 
0.2682390213 
-0.6465188265 
-0.3195431232 
-0.0653467178 
-1.0056676865 
-0.2109266520 
-0.2958364487 
-0.3076015711 
0.0065329075 
-1.0828757286 
-0.3832752705 
-0.2667592764 
-0.9071265459 
0.2205931842 
-0.4765274525 
-0.6380801201 
0.0626096725 
-1.0813765526 
-0.2967708409 
-0.0317866802 
-0.7505366802 
0.4492900372 
-0.2263101339 
-0.4189088345 
0.1197214127 
-1.2543306351 
-0.1579771042 
0.2213739157 
-0.8663425446 
0.4260921478 
-0.1772279739 
-0.4839560986 
0.1582630873 
-1.3551900387 
-0.2618975639 
0.1743183136 
-1.2381424904 
0.1684503555 
-0.3623046875 
-0.8387632370 
0.4271106720 
-0.9509859085 
-0.6124401093 
-0.1928892136 
-1.4731020927 
-0.1892684847 
-0.2883725166 
-0.5637559891 
0.4477832317 
-0.7636117935 
-0.2440218925 
0.0923303366 
-0.9174744487 
0.4457292557 
-0.2061371803 
-0.4745851755 
0.8239581585 
-0.5815904140 
0.5820522308 
1.1835236549 
-1.4099159241 
-0.2675809860 
0.0757794380 
-0.7975735664 
0.5336194038 
-0.5058984756 
-1.0428395271 
-0.4249954224 
-0.7653255463 
0.3698368073 
-0.1056385040 
-0.5544993877 
0.5209904909 
-0.6757049561 
-0.4599313736 
0.0468997955 
-0.8960595131 
0.2447633743 
0.0253057480 
-0.4395322800 
-0.0577394962 
-1.3655228615 
-0.1366540194 
0.2076430321 
-1.4972574711 
-0.0248351097 
-0.5811631680 
-1.1994884014 
0.6780648232 
-0.6855795383 
-0.9195295572 
-0.1895823479 
-1.0568046570 
0.1839394569 
-0.4755460024 
-1.0291166306 
0.7762756348 
-0.5680313110 
-0.7686805725 
-0.0420494080 
-1.1206736565 
-0.0512514114 
-0.4998681545 
-1.1920886040 
0.0672236681 
-1.1152124405 
-0.7312979698 
0.0321817398 
-1.1148064137 
0.1247453690 
-0.2723386288 
-0.9459898472 
0.2410182953 
-0.9387655258 
-0.1489677429 
0.5777478218 
-1.0391497612 
0.3561123610 
0.1420598030 
-0.7919030190 
0.3314340115 
-0.9890923500 
-0.5338561535 
0.2186502218 
-1.2814418077 
0.0959258080 
0.2036666870 
-0.6569449902 
-0.1971338987 
-1.1403918266 
0.3940505981 
0.6383762360 
-1.1281640530 
0.4941191673 
-0.8385133743 
-1.1953735352 
1.7412414551 
-0.3575719595 
-0.6910593510 
0.3470743895 
-1.2957646847 
0.0580810308 
-0.9323427677 
-1.4301192760 
1.7552719116 
-0.2977658510 
-1.0115985870 
0.4310706854 
-1.1388251781 
0.1115100384 
-0.4751818180 
-1.1332933903 
1.9169175625 
-0.0518482924 
-0.9490334988 
0.4935247898 
-1.6398780346 
-0.5052070618 
0.1159086227 
-1.2989866734 
0.1062722206 
-0.4818653464 
-0.1863297224 
0.6434100866 
-0.7515472174 
-0.2374277115 
-2.0700511932 
-1.7956964970 
2.2840270996 
0.1964437962 
-0.3834648132 
1.1806960106 
-0.7443795204 
-0.5575442314 
-3.0421285629 
-2.9595537186 
2.2799692154 
-0.9480682611 
-2.1091609001 
0.4410507679 
-3.6646826267 
-1.4958891869 
1.5975632668 
-2.7373793125 
-2.5392296314 
-1.4082399607 
-1.5374655724 
0.0381298065 
-0.8217974901 
-1.5635108948 
-2.5529117584 
-2.0233697891 
1.6560230255 
2.2730314732 
3.3193049431 
5.0445270538 
4.3027887344 
0.7952320576 
-6.8490266800 
-4.6193151474 
1.5797659159 
-4.3024344444 
-2.9595496655 
-0.4379968643 
-7.0417833328 
2.2373661995 
10.7825603485 
3.4132518768 
3.6389336586 
6.8552823067 
7.4985961914 
4.9274644852 
-4.5209493637 
0.1461610943 
7.9299039841 
-2.1065948009 
-3.3250839710 
5.5832948685 
4.4040613174 
5.9955611229 
8.4679517746 
-5.4083185196 
-14.8407096863 
-4.0253529549 
2.6497755051 
8.7897710800 
22.9897670746 
12.2496957779 
-3.9460041523 
5.8855423927 
4.6917095184 
-6.7676434517 
-5.1335396767 
4.0862278938 
20.4059429169 
6.3978557587 
-20.6347942352 
6.7831549644 
18.7985649109 
-23.8316574097 
-31.4024658203 
-11.0450248718 
-5.9186010361 
3.6114504337 
7.0060606003 
-0.2114064544 
-4.4913182259 
-14.4802131653 
-20.3469390869 
-8.0676736832 
4.5764989853 
3.5071258545 
4.9895577431 
11.9100246429 
7.6163702011 
-4.9554386139 
-20.3969879150 
-15.0562915802 
0.1068775654 
-46.3232994080 
-77.0119171143 
-7.3272442818 
19.9460029602 
-16.9826354980 
-1.7274127007 
17.9684429169 
16.9929676056 
20.9902400970 
2.9799742699 
-1.5953762531 
-2.3570353985 
-30.3224906921 
-25.6463928223 
-3.8330225945 
1.5457820892 
15.2644023895 
10.3600101471 
-6.2832736969 
-9.2833786011 
-39.3255615234 
-54.5573730469 
21.4927597046 
72.0327682495 
-3.9138183594 
-25.3469200134 
65.6806793213 
58.7675323486 
-10.6087570190 
-6.9345655441 
7.2278919220 
27.9253540039 
27.1123371124 
8.0669832230 
78.3842086792 
78.9167175293 
-24.3603210449 
-22.8251247406 
-39.7136688232 
-67.6052093506 
49.8812942505 
74.2692871094 
-1.0538421869 
16.5798358917 
-5.0052423477 
-36.0544433594 
17.8566055298 
20.2039146423 
-13.0080184937 
2.6008896828 
45.2380218506 
60.8390579224 
6.0040097237 
-13.1750144958 
35.7637367249 
16.8569145203 
-31.2518119812 
-29.1824760437 
-39.1118621826 
-47.7162017822 
-5.0266885757 
11.2896709442 
-33.5366973877 
-17.1638450623 
52.6661758423 
