-71.2512969971 
40.3719711304 
45.7098388672 
-112.5707626343 
-88.9166564941 
-43.5567321777 
-76.8125305176 
33.8084335327 
47.9730453491 
-46.1739997864 
-0.4333241582 
-21.2761650085 
-51.2582931519 
43.0905380249 
12.3452892303 
-39.9091873169 
1.0230636597 
-17.3710536957 
5.0492439270 
60.5192260742 
34.5015258789 
10.0096197128 
-19.5124130249 
-43.6355667114 
-43.2406005859 
-86.5916671753 
-64.2892837524 
37.2863578796 
37.6771011353 
-27.4550094604 
-21.4865741730 
29.1810226440 
6.6838126183 
-63.3379898071 
-37.9040527344 
17.5296020508 
12.8462276459 
30.4424972534 
32.0567893982 
-20.8256340027 
-19.3175697327 
17.6965751648 
-0.9938451052 
-32.4864578247 
-20.4934730530 
-12.1728286743 
-18.7159004211 
3.1305091381 
1.5652793646 
-19.9230365753 
4.3994855881 
13.7690572739 
15.4939193726 
41.0172424316 
21.3101711273 
3.9758973122 
4.5550208092 
-13.1137866974 
2.4143929482 
-5.2378201485 
-5.5477008820 
57.7551307678 
14.7369346619 
-58.3383865356 
-37.0241470337 
-65.9596405029 
-52.2415809631 
36.0672607422 
10.9345741272 
-17.4084243774 
5.8017802238 
-14.7515163422 
-10.4912862778 
-2.8544659615 
-8.2798814774 
21.5513954163 
17.2001972198 
6.6711597443 
17.5389080048 
-5.1256875992 
-3.4662210941 
10.9762668610 
-6.5722017288 
-2.8691453934 
-2.6335091591 
-17.3345146179 
-6.9394397736 
0.9929430485 
-5.6880764961 
-12.4328975677 
-4.7667789459 
11.7676849365 
7.7019309998 
6.6762785912 
5.8675603867 
-15.0974502563 
-8.7981748581 
8.5868072510 
-2.6182391644 
-8.4791469574 
2.6711137295 
13.2233333588 
2.9733562469 
-15.8211717606 
-12.8251781464 
-14.3623275757 
-14.4720611572 
2.4692566395 
0.3761403561 
0.2924553156 
6.7111749649 
-3.9307830334 
-0.5286831856 
0.5564939976 
-4.1891040802 
9.2474937439 
2.5439841747 
-3.9333949089 
4.9767837524 
-6.6082172394 
-0.7841739655 
10.2652873993 
-3.8939228058 
0.6926739216 
-1.9872455597 
-16.9969902039 
-1.8907704353 
3.7348761559 
-4.5966682434 
-1.7500591278 
-4.0406303406 
-2.1616616249 
0.1326532364 
-3.1464087963 
0.2107822299 
-2.9359521866 
-3.7886025906 
1.2840150595 
-4.0050153732 
-3.6343040466 
0.9819954634 
0.8108784556 
1.5876700878 
-2.8636484146 
-1.9974762201 
1.4438383579 
-3.3712906837 
-0.6882424951 
0.2727386951 
-2.8792471886 
2.1086449623 
0.2705674767 
-0.9026212096 
2.5310935974 
-3.1375877857 
-3.4282543659 
-0.6702110767 
-2.2858104706 
-0.0491391122 
-1.5391393900 
-1.6646903753 
0.7001904845 
-2.2281560898 
-0.2270214558 
-0.9724335670 
-4.6478700638 
-0.1378448009 
-0.9427448511 
-2.0851008892 
0.7945628166 
-2.0774941444 
-0.5224652290 
-0.4660956860 
-4.2757005692 
0.1796584129 
0.0386005640 
-2.6486787796 
-0.3839268684 
-2.1490566730 
-1.1026983261 
0.0889558792 
-2.1645288467 
0.2684622407 
-0.5764073133 
-1.8149752617 
0.2710025311 
-1.8926968575 
-0.9947601557 
-0.1969542503 
-2.3589668274 
-0.1334033012 
-1.0528388023 
-1.6272175312 
0.7187123299 
-1.6577992439 
-0.8276100755 
0.0812759399 
-2.0951302052 
-0.0553240776 
-0.9655461311 
-1.6002405882 
0.5748260021 
-1.5169199705 
-0.4630386829 
-0.1551828384 
-2.6664133072 
0.3257789612 
-0.2465264797 
-1.9243562222 
0.1043789387 
-1.6683623791 
-0.9461013079 
-0.2025437355 
-2.3320245743 
-0.0213019848 
-0.6946980357 
-1.5518746376 
0.8012623787 
-2.0066595078 
-1.7525386810 
0.3230895996 
-1.7164136171 
-0.1879388094 
-0.4185345173 
-2.0941390991 
-0.3254581690 
-1.2824623585 
-0.8162203431 
0.1648393869 
-1.4935479164 
-0.0760657787 
-0.5392897129 
-1.4164135456 
0.2703084946 
-1.4570587873 
-1.1541936398 
-0.1534552574 
-1.9156560898 
-0.3725800514 
-0.5765228271 
-1.6789045334 
0.0120801926 
-0.7948241234 
-0.3326606750 
-0.1838016510 
-1.9525842667 
0.0239400864 
-0.3976302147 
-1.5893239975 
0.1871433258 
-1.1329083443 
-0.7989039421 
0.1785047054 
-1.4912414551 
-0.3867988586 
-0.8856577873 
-1.3027019501 
0.4033679962 
-1.9763469696 
-1.6020889282 
0.4010982513 
-1.2848463058 
-0.0260734558 
0.0118007660 
-1.3822870255 
0.2521648407 
-0.7215023637 
-0.7892422676 
0.3330698013 
-1.2840061188 
-0.5854015350 
-0.6313757896 
-1.4772838354 
0.0152430534 
-1.0872147083 
-1.1117479801 
0.2059354782 
-1.2800171375 
-1.2171897888 
-1.1094398499 
-0.9759845734 
0.3545308113 
-0.8999156952 
-0.6385335922 
0.0580725670 
-1.4331922531 
-0.3659567833 
-0.5447325706 
-1.3991898298 
0.0855219364 
-0.7427339554 
-0.6106743813 
0.0907833576 
-1.3192868233 
-0.4281034470 
-0.6173572540 
-1.3950676918 
-0.0502190590 
-0.9455729723 
-0.7589597702 
-0.0232260227 
-1.2691150904 
-0.1593065262 
-0.3153799772 
-1.1141359806 
0.1777136326 
-1.0138829947 
-0.9067301750 
0.1324248314 
-1.2579560280 
-0.4580163956 
-0.4065688848 
-1.1461746693 
0.1509790421 
-0.6319978237 
-0.6330548525 
-0.1361757517 
-1.3713533878 
-0.1595985889 
-0.3877363205 
-1.6113929749 
-0.1706581116 
-0.6183681488 
-0.7062911987 
-0.2364859581 
-1.2708141804 
-0.0672477484 
-0.2808017731 
-1.3171398640 
-0.0296642780 
-0.8787477016 
-0.8683347702 
-0.0176084042 
-1.2047472000 
-0.2609486580 
-0.2996939421 
-1.2456421852 
0.0011458397 
-0.8008735180 
-0.8185772896 
0.0856909156 
-1.1122294664 
-0.3713798523 
-0.3475694656 
-1.1952139139 
-0.0970929861 
-0.8957076073 
-0.8938789368 
-0.0824418068 
-1.1027584076 
-0.1427524090 
-0.2048995495 
-1.1298120022 
-0.0373657942 
-0.9700748920 
-0.9257981777 
0.1048143506 
-1.0087080002 
-0.2100022435 
-0.0986435413 
-0.8677009940 
0.0623670816 
-1.0966224670 
-0.9954032898 
0.1246292591 
-1.1596101522 
-0.3807032108 
-0.2525222301 
-1.2152931690 
-0.0785684586 
-0.9170086384 
-0.9808292389 
0.0344030857 
-1.0999295712 
-0.1865069866 
-0.1124529839 
-1.2523636818 
0.1017909050 
-0.5429368019 
-0.7828161716 
0.3339428902 
-1.0361034870 
-0.7146499157 
-0.3068681955 
-1.1231024265 
-0.2119795084 
-0.9048429132 
-1.0014952421 
0.0335713625 
-1.0306538343 
-0.3732999563 
-0.1476455629 
-1.1993068457 
-0.0622297674 
-0.4885120392 
-0.9482128620 
-0.2393188477 
-0.9366121292 
-0.0876851082 
-0.0529720783 
-1.0320811272 
-0.0153565407 
-0.8107018471 
-0.9958871007 
0.0030212402 
-1.1809226274 
-0.5538766384 
-0.2335869670 
-1.1709005833 
0.0055667758 
-0.5188094378 
-0.8351070285 
0.0608585775 
-0.9845907092 
-0.3258014619 
-0.2225375175 
-1.3522825241 
0.0045173168 
-0.4371400476 
-0.8379054070 
0.2457952499 
-1.0408997536 
-0.7476959229 
-0.1817166805 
-1.1279156208 
-0.1089453697 
-0.4821796417 
-0.9023141861 
0.0948500633 
-0.9653017521 
-0.6352181435 
-0.1242690086 
-1.0937069654 
-0.1306757927 
-0.4415111542 
-1.0407085419 
-0.1823711395 
-0.9425038099 
-0.5406382084 
-0.0323257446 
-0.8091297150 
-0.0979390144 
-0.6154105663 
-0.8866297007 
-0.0027899742 
-1.0231399536 
-0.6183567047 
-0.1832504272 
-1.0510902405 
-0.0690927505 
-0.4196643829 
-0.8653292656 
-0.0352039337 
-0.9191975594 
-0.5124549866 
-0.3058004379 
-1.2788066864 
-0.1153650284 
-0.4240875244 
-0.8166737556 
0.2273750305 
-0.9176769257 
-0.6984214783 
-0.0539226532 
-1.0193772316 
-0.1648750305 
-0.4287862778 
-0.9619007111 
-0.0077075958 
-0.8957862854 
-0.6358704567 
-0.0644247532 
-1.0206069946 
-0.0997734070 
-0.2936172485 
-1.0331611633 
-0.1467514038 
-0.8635587692 
-0.6960141659 
-0.0136373043 
-0.8217973709 
-0.3221979141 
-0.5747852325 
-0.9132494926 
-0.0596966743 
-0.8229761124 
-0.5619425774 
-0.0739946365 
-0.9062433243 
-0.1404757500 
-0.3541812897 
-0.8278436661 
-0.0108642578 
-0.7623577118 
-0.5917148590 
-0.2451324463 
-1.1062278748 
-0.3949022293 
-0.6303229332 
-0.7625408173 
0.2144660950 
-0.9054336548 
-0.7114562988 
-0.0044593811 
-0.9590682983 
-0.2832298279 
-0.4256553650 
-0.8765544891 
0.0624189377 
-0.6301479340 
-0.4329299927 
-0.0751171112 
-1.0614624023 
-0.1237792969 
-0.3242359161 
-1.1597366333 
-0.2320404053 
-0.8063220978 
-0.7005462646 
-0.0990581512 
-0.9433498383 
-0.3502845764 
-0.4196632504 
-0.7941398621 
0.0939941406 
-0.6148529053 
-0.5011487007 
-0.0416736603 
-0.9636194706 
-0.2580814362 
-0.3666746616 
-0.9979114532 
-0.1226634979 
-0.5321969986 
-0.4601106644 
-0.3458805084 
-1.1784839630 
-0.1866226196 
-0.3384151459 
-0.9755744934 
-0.0194892883 
-0.5688066483 
-0.4916477203 
-0.1660118103 
-1.0451312065 
-0.2320117950 
-0.3677463531 
-0.8605051041 
0.0774846077 
-0.7067527771 
-0.5918321609 
0.0072736740 
-0.9524192810 
-0.3116273880 
-0.3977442980 
-0.9135131836 
0.0009603500 
-0.7201743126 
-0.6155481339 
-0.0289421082 
-0.9489597082 
-0.2387580872 
-0.3183062077 
-0.9309473038 
-0.0133366585 
-0.7000732422 
-0.6553516388 
-0.0432244539 
-0.9571981430 
-0.3582673073 
-0.3679018021 
-0.7541213036 
0.1158647537 
-0.8254585266 
-0.6686558723 
0.2409191132 
-0.8194694519 
-0.4519996643 
-0.3932609558 
-0.7964954376 
-0.0090885162 
-0.8822317123 
-0.7466993332 
0.0278949738 
-0.9200983047 
-0.2314337492 
-0.2234106064 
-0.9325857162 
0.0122928619 
-0.5915858746 
-0.6412906647 
-0.0428628922 
-0.9431636333 
-0.2677707672 
-0.2725441456 
-0.9103469849 
0.0158410072 
-0.6973104477 
-0.6497333050 
0.1486332417 
-0.8422694206 
-0.2963809967 
-0.2436370850 
-0.9189209938 
-0.0384302139 
-0.6779255867 
-0.6952288151 
-0.0437693596 
-0.9073083401 
-0.1081166267 
-0.1870727539 
-1.1154713631 
-0.0693161488 
-0.5284309387 
-0.6902972460 
-0.1677389145 
-0.9074954987 
0.1145877838 
-0.1071743965 
-1.2855937481 
-0.0201513767 
-0.3958050013 
-0.6595706940 
0.1014859676 
-0.8435530663 
-0.3016979694 
-0.2177069187 
-1.0776233673 
-0.1462733746 
-0.7727522850 
-0.8655967712 
0.1008231640 
-0.9278774261 
-0.4059276581 
-0.1227846146 
-0.9995734692 
0.0923128128 
-0.1677007675 
-0.5956954956 
-0.0494208336 
-0.8035168648 
-0.2001208663 
-0.1992275715 
-1.1013846397 
-0.1185244918 
-0.6299064159 
-0.7842192054 
0.1738606691 
-0.8477747440 
-0.5422502756 
-0.1107084751 
-0.6797791719 
-0.0806258917 
-0.8461108804 
-0.7350439429 
0.2998620272 
-0.7761300802 
-0.2709338665 
0.0056678057 
-0.8796266913 
0.0369329453 
-0.5419683456 
-0.7891205549 
0.1061000377 
-0.9435362220 
-0.4584912062 
-0.1896531582 
-1.1205546856 
-0.0415169299 
-0.4842434525 
-0.7310889959 
0.3581849337 
-0.8427761793 
-0.6246100068 
0.0008460283 
-0.8348958492 
-0.0449175835 
-0.4480445385 
-0.8680422306 
0.0003107786 
-0.9102370739 
-0.5608210564 
-0.0608586073 
-0.8500423431 
-0.0329339504 
-0.4411175251 
-0.7487125397 
0.1976414919 
-0.8190360069 
-0.5878186226 
-0.0022304058 
-0.8088369966 
-0.2046756744 
-0.6166061163 
-0.9658297896 
-0.1496392488 
-0.7215471268 
-0.0981185436 
0.0427641869 
-0.9385696650 
0.0863528252 
-0.3698596954 
-0.9188885689 
-0.0605111122 
-0.9009835720 
-0.4309725761 
0.0497164726 
-0.7553806901 
0.1178579330 
-0.3998482227 
-0.6640954018 
0.3082900047 
-1.0636607409 
-0.8365204334 
-0.1149855852 
-1.0158808231 
-0.0250425339 
-0.2332506180 
-0.7295112610 
0.2873747349 
-0.7339961529 
-0.5858581066 
0.1638000011 
-0.7691735029 
-0.2058930397 
-0.5119357109 
-1.0163800716 
-0.1258255839 
-0.7655816078 
-0.3662590981 
-0.0065069199 
-0.9699878693 
0.0417137146 
-0.2242184877 
-1.0045534372 
-0.1541645527 
-0.7081317902 
-0.3557888269 
-0.0860855579 
-1.0522499084 
-0.0276473761 
-0.3206104636 
-1.0924686193 
-0.2321794033 
-0.8321630955 
-0.4848976135 
-0.1065322161 
-0.9363439083 
0.0706133842 
-0.1882276535 
-0.6496109962 
0.2140769958 
-0.6621789932 
-0.3393602371 
-0.3831419945 
-1.5007648468 
0.3892917633 
0.3003568649 
-1.0918550491 
-0.0480103493 
-0.4354162216 
-0.3679714203 
-0.1739954948 
-1.2049622536 
-0.0978090763 
-0.2288436890 
-0.6584224701 
0.6033873558 
-0.6738262177 
-0.6232223511 
0.7522411346 
-0.4480018616 
-0.4915218353 
-0.5735158920 
-1.1304206848 
-0.2969074249 
-0.5874700546 
-0.4525966644 
-0.5534201264 
-1.4318566322 
-0.2379102707 
-0.3889961243 
-0.8238410950 
0.2994513512 
-0.5241750479 
-0.3833031654 
0.1668956280 
-0.8630559444 
-0.4381246567 
-0.6024105549 
-0.3075714111 
0.6462879181 
-0.9290714264 
-0.6328625679 
0.0302829742 
-1.1802625656 
-0.3991484642 
-0.6129236221 
-0.5477347374 
0.5819077492 
-1.2121552229 
-0.7791635990 
0.3360910416 
-1.0258469582 
0.1100904942 
-0.0124039650 
-0.9884748459 
0.3331356049 
-0.4898858070 
-0.4543919563 
0.1683138609 
-1.0606880188 
-0.0465877056 
-0.1261581182 
-0.7760925293 
0.5065547228 
-0.4057967663 
-0.3129389286 
0.0280081034 
-1.2474656105 
0.2336497307 
-0.0860075951 
-1.2778797150 
0.2855368853 
-0.3616611958 
-0.2890262604 
0.1685249805 
-1.1429420710 
0.3301767111 
-0.1240861416 
-1.6591942310 
0.0114145279 
-0.5118408203 
-0.3931236267 
0.5855922699 
-0.6640281677 
0.2647614479 
-0.0120894909 
-1.0161896944 
0.0697269440 
-1.5541613102 
-1.2619259357 
0.4824869633 
-1.0444688797 
-0.4961550236 
-0.1258563995 
-0.3992524147 
0.5711570978 
-1.2991156578 
-0.9069423676 
0.2627899647 
-1.3457865715 
0.5800146461 
0.1047669649 
-2.3504576683 
0.0639977306 
0.0082076788 
-0.4125572443 
0.9913153648 
-0.4228839874 
-0.0832600594 
0.3754224777 
0.2218620777 
0.8067605495 
-1.7355921268 
-0.9848006964 
0.8369498253 
-1.1623470783 
0.5261400342 
0.3005405068 
-0.9637930989 
0.9900329113 
-2.7660932541 
-0.6378747225 
6.4042158127 
0.4874463081 
-2.8608939648 
0.8765653372 
0.0755817890 
1.4067285061 
1.5371372700 
0.4123687744 
2.7512876987 
0.0323033333 
-1.3727514744 
0.1297709942 
-3.1076023579 
-1.1334686279 
1.3115105629 
-3.1767992973 
-2.8428902626 
-3.5160453320 
-8.1786231995 
-1.4455344677 
6.6702833176 
0.2014967203 
-5.4015340805 
-0.6814455390 
0.4057688117 
-1.2431527376 
1.6359890699 
-0.3541655838 
-4.2745804787 
0.4941658676 
4.5332317352 
-0.0800019056 
-4.1502914429 
2.1826701164 
9.8076496124 
3.9860010147 
-2.2655811310 
5.1372337341 
9.9485397339 
0.5400609970 
-7.3276257515 
0.0518258214 
6.3707714081 
-0.8165220022 
-3.6944715977 
0.8627216220 
1.3415629864 
-1.1147861481 
-4.2356777191 
-1.8472545147 
0.5254536867 
-2.5295798779 
0.9735536575 
-1.8030719757 
-6.3303604126 
3.8799393177 
1.8633217812 
9.8645248413 
30.9897346497 
-0.9224215150 
-26.8475685120 
3.5042567253 
5.8138046265 
-11.7873764038 
-9.6549787521 
-13.3818655014 
-10.2252349854 
-6.0439739227 
-5.1116046906 
4.6066889763 
-0.1738946438 
15.6802406311 
38.7827148438 
-3.6333541870 
-28.7543163300 
4.4761981964 
3.5144655704 
-16.9432220459 
-17.6635017395 
-14.1725864410 
-3.2038071156 
0.0157855451 
4.0987653732 
29.2966995239 
42.1575012207 
30.1008872986 
20.5261497498 
30.8976936340 
31.4581012726 
-2.9504914284 
-20.4350147247 
-14.8144092560 
-24.3364601135 
-26.4000167847 
-25.2610645294 
-11.0501375198 
19.9824752808 
-12.7064132690 
-32.9156074524 
43.3816452026 
56.0760459900 
-4.9710388184 
-10.8735809326 
-12.5463504791 
-26.0303993225 
-18.7553691864 
-21.8511295319 
-17.5536746979 
-13.8305587769 
0.6350009441 
34.4426651001 
-18.7477874756 
-47.2010726929 
76.8554534912 
98.7556533813 
-7.0014724731 
-8.3306779861 
-0.9955165386 
-30.7203903198 
5.2553396225 
11.6489028931 
-11.9578533173 
7.0917687416 
7.3222799301 
5.2265152931 
19.4984970093 
11.0010652542 
-7.4357514381 
-20.6360931396 
15.4565153122 
43.8075027466 
-22.4353141785 
-21.0853786469 
73.3571929932 
70.9736633301 
20.4162330627 
12.9919567108 
24.4987678528 
25.3854923248 
-42.0366668701 
-63.1739425659 
39.7197418213 
46.6901321411 
-61.1364326477 
-61.6505203247 
21.0946140289 
12.2133302689 
-50.1298217773 
-35.4788513184 
-43.7583618164 
