28.1446037292 
51.1869010925 
-97.3097229004 
-83.6821289063 
40.1163253784 
11.9134149551 
58.6201400757 
91.0421524048 
-33.2136840820 
-14.6961727142 
25.0456771851 
-24.7078590393 
46.1505584717 
44.7905426025 
-40.1324157715 
6.7831249237 
20.7645626068 
8.1456375122 
50.5213813782 
10.8451862335 
-39.6118240356 
-46.0105094910 
-55.0202789307 
-30.0231018066 
-26.4694671631 
-5.9322023392 
80.6959381104 
70.5521926880 
-17.5183830261 
-18.3719787598 
32.5242576599 
17.9408798218 
-41.8544425964 
-14.4274654388 
57.0485496521 
41.2509460449 
19.5850830078 
19.3449096680 
-25.9309310913 
-29.2053298950 
16.8095550537 
5.5240683556 
-27.6180324554 
-9.3561496735 
14.8705816269 
7.9925026894 
18.1122093201 
24.3261299133 
0.2827649117 
15.9694156647 
33.7273941040 
16.5419445038 
23.8450050354 
6.4029140472 
-24.5700836182 
-13.2560138702 
-18.0586280823 
-9.3822975159 
2.9828393459 
-11.9014759064 
23.2015228271 
-1.2271869183 
-82.4783020020 
-41.3565330505 
-9.9849014282 
-9.2743282318 
67.3719635010 
47.5932922363 
-17.8821220398 
10.5604181290 
7.2058372498 
-2.0767595768 
19.4260749817 
10.4784049988 
24.4685745239 
24.3786277771 
-3.9700534344 
4.2339601517 
-6.5240430832 
-14.6873064041 
7.4706678391 
-5.6607131958 
-10.7715082169 
0.7833973765 
-10.2523288727 
-1.9263087511 
11.0910196304 
2.7093055248 
-1.8696321249 
5.1172332764 
17.9145832062 
11.2336807251 
-1.3043475151 
0.0249741077 
-12.2862577438 
-9.1585216522 
12.9550132751 
3.4791607857 
-7.1833152771 
4.1694846153 
9.8928842545 
-1.2816178799 
-18.2146682739 
-11.0418663025 
0.8732350469 
0.5376662016 
14.1667032242 
14.2864389420 
3.6958575249 
9.2475614548 
1.2022209167 
-1.3803527355 
6.4686851501 
-0.2075805664 
7.0944623947 
6.2426891327 
-7.1552610397 
2.8117616177 
-0.8236706257 
-3.8586874008 
10.2361774445 
-2.9027967453 
-6.9791507721 
0.7199836373 
-11.2835884094 
0.1876418591 
12.4048442841 
-0.9995979071 
-0.4979351759 
1.8479321003 
0.5939013958 
4.5104641914 
0.6630061865 
1.6239941120 
2.0647983551 
-1.2108703852 
4.2285022736 
1.6840908527 
-0.7805540562 
5.3381929398 
3.9186694622 
2.2475676537 
-0.0719883740 
-1.1345119476 
3.8474392891 
0.3891263008 
0.0090817809 
3.9122471809 
-0.1630324721 
2.4944953918 
3.1921141148 
-1.2856978178 
2.0661630630 
-0.9722428918 
-3.1857643127 
2.1966989040 
0.8834576011 
1.2625430822 
1.6657142639 
-0.3377741277 
2.3856139183 
0.3615736961 
-0.1055807769 
1.7305085659 
-1.9775311947 
1.3791558743 
3.2247128487 
-0.3624953032 
2.4008531570 
0.9237782955 
-0.1653931737 
2.1351346970 
-1.4117653370 
1.2608509064 
3.5285987854 
-0.8911690712 
1.1099762917 
1.3210549355 
0.4038941860 
2.6997594833 
0.3535970449 
1.1705881357 
2.0931055546 
-0.5111832619 
1.5624264479 
0.7970554829 
-0.0648028851 
2.0877294540 
-0.0668265820 
0.9752702713 
1.8788704872 
-0.1446738243 
2.1273679733 
0.8880779743 
-0.1706399918 
2.0609726906 
-0.1111059189 
0.7403059006 
1.6276588440 
-0.3186768889 
1.8593066931 
0.7940077782 
-0.0625036955 
1.7403979301 
-0.7064847946 
0.9245443344 
2.1707544327 
-0.8511114120 
1.0496063232 
0.7557322979 
-0.1812784672 
1.7535097599 
-0.2361261845 
0.8034524918 
1.8466296196 
-0.4191775322 
1.6446765661 
0.4520215988 
-0.9411363602 
2.2113513947 
0.5581541061 
0.3777670860 
1.6206171513 
-0.5987720490 
0.8882081509 
1.2346138954 
0.3046460152 
1.8014407158 
0.2655438185 
0.5242446065 
1.3440785408 
-0.3590130210 
1.1208157539 
0.5558015108 
-0.4104226828 
1.4916436672 
0.0664777756 
0.4895839691 
1.5887804031 
-0.1862859726 
1.1930942535 
1.2119760513 
0.2936608791 
1.1831345558 
-0.4008035660 
0.6336336136 
1.5668132305 
-0.5035324097 
1.0278778076 
0.8359909058 
-0.1733465195 
1.4377348423 
-0.0167608261 
0.1424465179 
0.9922106266 
-0.2611179352 
1.2959294319 
0.2495679855 
-0.6450958252 
2.1643466949 
0.7653713226 
0.4252121449 
1.5658903122 
-0.3528242111 
0.7372207642 
0.9043745995 
-0.3257381916 
1.1240315437 
-0.0132465363 
-0.2551622391 
0.8425767422 
-0.3198513985 
0.7839428186 
0.6885726452 
-0.3540016413 
1.2282359600 
0.2196941376 
-0.3705670834 
0.7493271828 
0.5169234276 
1.4492006302 
0.6853513718 
-0.1367950439 
1.1310834885 
-0.0971050262 
0.1438927650 
1.0530424118 
-0.2644433975 
0.8981943130 
0.8643536568 
-0.0859785080 
1.0071783066 
-0.1072955132 
0.0084700584 
0.8672018051 
-0.3038010597 
0.7976107597 
0.7224484682 
-0.0762765408 
1.1094167233 
0.0864095688 
0.3077548742 
1.0662031174 
-0.2959583998 
0.7012268305 
0.4467115402 
-0.4009420872 
1.0999414921 
0.0696394444 
-0.0195474625 
0.9668879509 
-0.1592657566 
0.7291318774 
0.6576514244 
-0.2719569206 
0.6907312870 
-0.2227439880 
0.1563720703 
0.9140973091 
-0.6432895660 
0.4908382893 
0.8871912956 
-0.1093873978 
0.7010965347 
-0.0452499390 
0.3289787769 
0.9608821869 
-0.5318129659 
0.4772609472 
0.5537842512 
-0.3184576035 
0.9068403244 
0.0492992401 
0.0978858471 
0.9149744511 
-0.3963963985 
0.4954518080 
0.5688557625 
-0.3180860281 
0.8779186606 
0.0316615105 
-0.0724682808 
0.7752045393 
-0.3614840508 
0.4180842638 
0.4606771469 
-0.3040699959 
0.8595681190 
0.1202230453 
0.1903212070 
0.8798685074 
-0.4390721321 
0.3637478352 
0.3646732569 
-0.3794645071 
0.9772175550 
0.1694536209 
0.0342944264 
0.8513725996 
-0.3357090950 
0.2695678473 
0.0599997044 
-0.5942966938 
0.9328401089 
0.0204529762 
-0.1584383249 
0.8080580235 
-0.4321630001 
0.3088960648 
0.4157807827 
-0.4308528900 
0.8834798336 
0.1339414120 
0.0409641266 
0.9108142853 
-0.5024029016 
0.3386888504 
0.6295437813 
-0.4950826168 
0.6972110271 
-0.0968065262 
-0.5932774544 
0.5897064209 
-0.2824442387 
0.1725095958 
0.3364295959 
-0.4086270332 
0.7993633747 
0.1516085565 
-0.1082985401 
0.7951486707 
-0.3907141685 
0.2200379372 
0.5956975222 
-0.4650507569 
0.4159793854 
0.1424524188 
0.1525192261 
0.7398456335 
-0.5314803123 
0.1001758575 
0.2227840424 
-0.6352422237 
0.6118390560 
-0.0457097292 
-0.2695369720 
0.7882354856 
-0.3023182750 
0.3061791658 
0.5807301998 
-0.4665517807 
0.5452272296 
-0.0120954514 
-0.2264010012 
0.6348201632 
-0.5816251040 
0.2275631428 
0.6764206886 
-0.5264248252 
0.5321011543 
-0.0842394829 
-0.6085815430 
0.6452811956 
-0.2536125183 
0.1146335602 
0.5309357643 
-0.5002448559 
0.4581418633 
0.0136263371 
-0.4511559010 
0.6311731339 
-0.2918272018 
0.0334844589 
0.4854097366 
-0.5788612366 
0.2777709961 
0.1274391562 
-0.1974563599 
0.7022118568 
-0.1613912582 
0.0077898502 
0.2087717056 
-0.5555400848 
0.4073886871 
-0.0702800751 
-0.3939762115 
0.6178092957 
-0.2747354507 
0.1126904488 
0.4659543037 
-0.5372276306 
0.3018817902 
-0.0441722870 
-0.3650693893 
0.4664821625 
-0.4748291969 
0.1500949860 
0.6182479858 
-0.4565997124 
0.4751710892 
-0.0340099335 
-0.6039524078 
0.5871372223 
-0.2689762115 
-0.0802688599 
0.4148778915 
-0.5761165619 
0.2863585353 
0.0415647030 
-0.4473953247 
0.5772457123 
-0.2779884338 
-0.0539250374 
0.4639530182 
-0.6661224365 
0.1022834778 
0.0819034576 
-0.4128837585 
0.5598492622 
-0.1481380463 
-0.2079777718 
0.2013387680 
-0.4582943916 
0.3231612444 
0.0663909912 
-0.3522646427 
0.5175769329 
-0.2587258816 
-0.0716533661 
0.3469200134 
-0.5430445671 
0.1716346741 
-0.0490999222 
-0.5095233917 
0.2846355438 
-0.4386596680 
-0.1490917206 
0.3234634399 
-0.3310317993 
0.5126419067 
-0.0729789734 
-0.6190338135 
0.5579233170 
-0.2513446808 
-0.2022514343 
0.3595962524 
-0.4683046341 
0.2948374748 
0.1050071716 
-0.4418144226 
0.3216128349 
-0.5207233429 
-0.1970834732 
0.3477210999 
-0.8078269958 
-0.0067710876 
0.1222801208 
-0.4228754044 
0.4473018646 
-0.2187194824 
-0.1896743774 
0.3587765694 
-0.3703050613 
0.2984991074 
0.0720405579 
-0.4964237213 
0.3073940277 
-0.4316034317 
-0.2815341949 
0.2812590599 
-0.6204414368 
0.0763301849 
0.1486606598 
-0.4074897766 
0.0869388580 
-0.5606164932 
-0.0544881821 
0.4528017044 
-0.5961647034 
0.1659469604 
0.1506834030 
-0.4578714371 
0.2166557312 
-0.4763231277 
-0.1823158264 
0.3525633812 
-0.5525627136 
0.1933040619 
-0.0059652328 
-0.5926580429 
0.3507757187 
-0.4061174393 
-0.3550157547 
0.2527155876 
-0.5805683136 
0.1339702606 
0.0060968399 
-0.5677475929 
0.3465948105 
-0.3756208420 
-0.2931613922 
0.2945575714 
-0.6359100342 
0.0631084442 
0.0061063766 
-0.6047677994 
0.3078680038 
-0.3647236824 
-0.3415565491 
0.2909069061 
-0.4646027088 
0.1729054451 
-0.1330881119 
-0.6799337864 
0.5026741028 
-0.3221321106 
-0.5976281166 
0.1379103661 
-0.5130462646 
0.0540904999 
-0.1795539856 
-0.6714029312 
0.4398286343 
-0.2894155979 
-0.3243818283 
0.3344426155 
-0.6522302628 
-0.0011949539 
0.0445401669 
-0.6528911591 
0.2136466503 
-0.4005422592 
-0.3596971035 
0.2827553749 
-0.6438264847 
0.0147349238 
-0.0186362267 
-0.6551288366 
0.3710660934 
-0.3505847454 
-0.5033868551 
0.2060487270 
-0.6840991974 
-0.0846004486 
-0.0503516197 
-0.6874272823 
0.2440137863 
-0.3648815155 
-0.3078098297 
0.2765492201 
-0.8791255951 
-0.1283874512 
0.1291265488 
-0.6692210436 
0.1225166321 
-0.3562045097 
-0.1356764436 
0.3231145144 
-1.0948143005 
-0.1626749039 
0.2814478874 
-0.7215890884 
0.1301102638 
-0.4090902805 
-0.5931060314 
0.1465158463 
-0.8402113914 
-0.2328531742 
-0.0351908207 
-0.7532422543 
0.3617565632 
-0.2516169548 
-0.5303263664 
0.3811435699 
-0.5944960117 
-0.0539389253 
0.3002305031 
-0.7386424541 
-0.1123561859 
-0.4442759752 
-0.4920941591 
0.1071918011 
-0.9090106487 
-0.2516274452 
0.0282598734 
-0.7547263503 
0.2633286715 
-0.3118496835 
-0.7072532177 
0.2473769188 
-0.4616051912 
-0.2388269901 
-0.2762887478 
-0.7345454693 
0.4554889500 
-0.2968797088 
-0.6415677071 
0.2467870712 
-0.7688017488 
-0.3163619041 
-0.1032697558 
-0.9478439093 
0.0791652203 
-0.4650126696 
-0.7413572073 
0.2011165023 
-0.7764369249 
-0.2033460140 
0.1545471549 
-0.7912873030 
0.2450800538 
-0.3807161152 
-0.9496553540 
0.2407529354 
-0.5600484610 
-0.3815276623 
-0.0581777096 
-0.9421155453 
-0.0455433130 
-0.3710380793 
-0.7190362215 
0.2657058239 
-0.5508254170 
-0.2969585061 
-0.0095741749 
-0.8506665230 
0.0631823540 
-0.3989968300 
-0.8774051070 
0.1762013435 
-0.5927126408 
-0.4979677200 
-0.1859470755 
-0.8744884729 
0.0254828930 
-0.1547312737 
-0.3367072344 
0.2368381023 
-0.8701717854 
-0.3531904221 
-0.0205938816 
-1.0760879517 
-0.1354574561 
-0.3634095192 
-0.6332826614 
0.3108131886 
-0.6051187515 
-0.3244500160 
-0.1119365692 
-1.0049762726 
-0.0136137009 
-0.6901902556 
-1.1714960337 
0.2239584923 
-0.5627487898 
-0.3013796806 
0.1991987228 
-0.8707551956 
-0.0332822800 
-0.3966016769 
-1.0112943649 
0.1442911625 
-0.6589214802 
-0.7121350169 
-0.2535583973 
-1.0374150276 
-0.1659131050 
-0.2620854378 
-0.6218448877 
0.1448154449 
-0.7978487015 
-0.4254245758 
0.0365896225 
-1.1445097923 
-0.3398916721 
-0.2849435806 
-0.6607954502 
0.0234866142 
-0.8893599510 
-0.4531388283 
0.0126711130 
-1.1517088413 
-0.3057541847 
-0.2548736930 
-0.6061644554 
0.1837147474 
-0.6386541128 
-0.2485568523 
0.1419343948 
-0.9012031555 
-0.1241025925 
-0.4812078476 
-0.9075908661 
-0.1692876816 
-1.1317842007 
-0.0324473381 
0.6581201553 
-1.3441324234 
-0.5467960835 
-0.1307029724 
-0.8181343079 
-0.2076492310 
-0.9869489670 
-0.4382731915 
0.2286653519 
-0.8509578705 
0.0816385746 
-0.4258975983 
-1.2959284782 
0.2877531052 
-0.6405410767 
-1.4193439484 
-0.6814060211 
-1.1747367382 
-0.4618005753 
-0.2927217484 
-0.7628746033 
-0.4022583961 
-1.0810515881 
-0.2972664833 
0.2709484100 
-0.7759733200 
0.0995199680 
-0.2059826851 
-0.9033313990 
0.0038516521 
-0.8546241522 
-0.8322899342 
-0.2391796112 
-0.5667097569 
0.2343993187 
-0.8626809120 
-1.3775205612 
0.0289297104 
-0.9923210144 
-0.7571554184 
-0.0493068695 
-0.7160716057 
0.2753334045 
-0.7801027298 
-1.3140668869 
0.5376324654 
-0.6677999496 
-0.5779561996 
0.2499804497 
-1.2212424278 
-0.2223157883 
-0.2068533897 
-1.1019988060 
-0.0274771452 
-0.9420683384 
-0.6899025440 
0.1247949600 
-1.0573164225 
-0.1103296280 
-0.3455268145 
-1.2065898180 
-0.2416677475 
-1.2392604351 
-0.5930931568 
0.1400897503 
-1.5677137375 
-0.2970175743 
-0.0743825436 
-1.0871889591 
-0.1605086327 
-1.2079706192 
-0.6934893131 
-0.0044069290 
-1.9006023407 
-0.4643635750 
0.0960636139 
-0.9234416485 
0.2235560417 
-0.8307409286 
-0.9447622299 
-0.2841911316 
-1.7366902828 
-0.7557692528 
-1.0216372013 
-1.5984367132 
0.6327763796 
-0.4968881607 
-1.0459165573 
0.1892862320 
-0.6864278316 
-0.1221644878 
-0.9978635311 
-1.5700536966 
0.4789772034 
-0.8465648890 
-0.4389725327 
0.4928064346 
-2.2054395676 
-0.3360108137 
1.0371642113 
-0.7483328581 
0.4214205742 
-0.4274430275 
-1.1224293709 
0.0600776672 
-0.7285096645 
-0.4438190460 
-1.6984553337 
-1.8880321980 
0.9458791018 
-0.7507158518 
-0.7299264669 
0.5569758415 
-1.6753056049 
-0.0002344847 
-0.9631643295 
-1.4689193964 
4.6648006439 
0.0183012486 
-5.9139642715 
-0.3698287010 
0.3306351900 
-0.7623183727 
0.1638038158 
-2.0879840851 
-0.9695804119 
-2.0817198753 
-4.7692527771 
-2.0483729839 
-3.1612319946 
-3.0104999542 
0.5936156511 
-3.1613111496 
-4.1317172050 
-1.1745460033 
-3.2681553364 
1.2618122101 
8.3759555817 
1.3337349892 
-6.0344591141 
-0.3069328666 
3.1531944275 
-0.1370882988 
1.0943993330 
1.0166128874 
-2.6087181568 
1.1941492558 
5.3171172142 
0.5969434977 
-3.1246862411 
2.2021956444 
7.9198131561 
1.4588460922 
-6.4464788437 
-0.5544928312 
4.0367164612 
-5.0832509995 
-11.6273460388 
-3.2848989964 
4.3619146347 
-2.8960762024 
-7.5571875572 
-1.3423421383 
-0.1428808123 
-3.2953834534 
-4.6665306091 
-2.4084701538 
1.4521462917 
-1.4013384581 
-0.7128703594 
0.7921617627 
-4.0143570900 
4.1468153000 
6.7817864418 
2.0373890400 
12.5830879211 
-9.8901348114 
-37.9947738647 
-4.2732210159 
10.6382865906 
-14.3160381317 
-10.4533443451 
-3.2626197338 
-1.1982641220 
7.5734481812 
6.5456275940 
11.9750967026 
10.1861085892 
8.4398832321 
21.1500358582 
-12.3197898865 
-41.3957824707 
-0.6151021719 
11.7816696167 
-14.0757656097 
-8.4781875610 
5.2818965912 
15.1630182266 
20.4161949158 
17.7255840302 
28.7188434601 
29.4665164948 
4.2963895798 
-13.5145893097 
-10.6946296692 
-11.5460815430 
-38.8645515442 
-50.8849487305 
-27.5154628754 
-20.3677978516 
-17.8254413605 
-3.4038910866 
6.5902376175 
25.8073768616 
6.8569655418 
-22.2208061218 
33.4029159546 
47.2155761719 
-32.8529357910 
-44.9212112427 
-17.1077270508 
-22.5173110962 
-9.3198261261 
0.5556640029 
3.2758023739 
14.8817043304 
18.3239498138 
35.1579933167 
6.6044468880 
-29.4530620575 
60.5761337280 
83.4311676025 
-49.1043701172 
-66.0036010742 
-9.7693386078 
-28.4722919464 
-4.1116175652 
20.0025863647 
-13.3364677429 
-1.8816689253 
9.8039073944 
-4.1519918442 
4.7792921066 
-2.6208193302 
-18.8482151031 
-18.3359031677 
6.5917410851 
32.4263954163 
-17.5048866272 
-34.0049438477 
50.1102905273 
40.6377639771 
-42.7876739502 
-50.5677642822 
-32.7001152039 
-32.4526138306 
-67.2350311279 
-79.5626983643 
11.0984373093 
28.2858829498 
-80.8294830322 
-82.3433685303 
14.4699935913 
11.5323677063 
-61.5993385315 
-49.2386169434 
-12.7125129700 
-33.6410140991 
