-17.3522491455 
-27.7258567810 
-42.5120925903 
-49.4023208618 
-74.7629089355 
-85.9955978394 
38.7215995789 
65.1946640015 
-71.1129608154 
-37.6044425964 
49.6828308105 
14.6707401276 
18.2293224335 
11.5431060791 
-24.5445480347 
-10.9198780060 
-14.6438446045 
-4.8166246414 
14.2956867218 
11.6855163574 
34.7096252441 
24.4182949066 
23.2653923035 
30.0813674927 
-39.1843109131 
-25.0426635742 
7.4640150070 
-24.8537712097 
82.7829437256 
74.7649841309 
-129.4814758301 
-86.6562271118 
22.5835342407 
-33.1108551025 
-16.6349029541 
-14.7167139053 
-71.0053787231 
-41.6492309570 
-25.7113494873 
-27.4174652100 
-12.5243349075 
-18.2209129333 
10.6686439514 
13.2367229462 
-19.6690273285 
3.9795453548 
13.3489456177 
10.3791198730 
37.7823066711 
27.1549873352 
8.8602418900 
14.2253952026 
13.5454483032 
8.4742641449 
-11.6259212494 
-14.3771047592 
-4.8373227119 
-14.4133167267 
14.7388229370 
19.2973842621 
-37.8073158264 
-3.7332823277 
57.9537353516 
23.1284446716 
8.9214782715 
6.5230588913 
-46.2177009583 
-29.0596427917 
27.5499706268 
4.5923333168 
-19.2185344696 
1.4492688179 
5.5265297890 
6.1524939537 
15.9137191772 
8.5709934235 
-2.8588953018 
-2.0913252831 
1.9932334423 
-5.6706304550 
-17.4221897125 
-13.0965652466 
-10.3872718811 
-10.4526023865 
2.4280536175 
-1.6572270393 
-13.2673397064 
-4.2069702148 
-0.2665107250 
-0.5353579521 
1.9368715286 
4.6374969482 
18.5690441132 
14.2403011322 
4.0394430161 
12.5519075394 
-1.4289993048 
5.1086745262 
41.0312957764 
13.7039718628 
-16.1813850403 
4.6990799904 
2.7057747841 
1.9521450996 
16.4029884338 
2.9065098763 
-4.5388879776 
0.4993472099 
-1.8120539188 
-0.4815100431 
-2.6618666649 
-1.7711901665 
1.6570930481 
-0.1485326290 
5.9770765305 
3.0643560886 
-4.5290708542 
1.5024861097 
-2.1677882671 
-2.1664671898 
7.4282932281 
-1.4296672344 
-5.1643295288 
3.0019426346 
3.3561077118 
6.5292768478 
6.7790002823 
4.9143090248 
8.8783245087 
1.6051152945 
-5.2978959084 
0.3838908076 
1.1169857979 
0.0041725934 
2.2417187691 
-0.1115403473 
-2.1699414253 
2.2681326866 
6.7649388313 
4.8597531319 
3.4989807606 
5.0863075256 
3.2122826576 
2.5512328148 
3.0113573074 
1.5711863041 
3.2098927498 
2.9427623749 
1.1181759834 
3.4893190861 
3.4650745392 
0.9803121090 
-0.0919904709 
0.3288952112 
1.9380575418 
1.2502167225 
1.4807338715 
1.5729196072 
-1.1545896530 
1.1182577610 
2.4506626129 
0.3216925263 
2.4554433823 
0.8850855827 
-0.9875437617 
1.7600023746 
0.1421571970 
1.2496643066 
3.7491254807 
0.5200060606 
1.1164498329 
2.0244474411 
0.9598674774 
1.9807026386 
0.1875019073 
1.4771447182 
3.6895651817 
0.6228808165 
1.5388846397 
1.7908647060 
-0.2791268826 
2.1427760124 
1.4606823921 
0.3241508007 
1.5406408310 
0.1259998083 
1.1804360151 
1.0693817139 
-0.7402558327 
1.8253571987 
1.5087380409 
0.0147418976 
0.9450721741 
0.3290276527 
1.3885648251 
1.1170412302 
-0.2494375706 
1.7092213631 
1.0223877430 
0.4622234106 
1.5906976461 
0.3583172858 
1.2468385696 
1.0536613464 
-0.3096156120 
1.4013917446 
0.4872133732 
0.5548136234 
2.1230058670 
-0.0486506224 
0.5627309084 
1.3169007301 
-0.0756006241 
1.4541864395 
0.8962213993 
0.2120337486 
1.4498009682 
0.3087902069 
0.9814481735 
1.3205659389 
0.1205768585 
1.3706564903 
0.6449279785 
0.3933191299 
1.5901420116 
0.1678562164 
0.8384590149 
1.1587133408 
-0.0193495750 
1.2345647812 
0.4490499496 
0.4543418884 
1.7224016190 
-0.2907934189 
0.2192013264 
0.9902582169 
-0.2378391027 
0.8656077385 
0.2770404816 
0.2058979273 
1.4866220951 
-0.1851472855 
0.3523578644 
1.0355167389 
-0.1213192940 
0.8213155270 
0.1979827881 
0.7087478638 
2.1355710030 
-0.1013360023 
0.5777754784 
1.3692226410 
-0.2350419760 
1.4718936682 
0.8904776573 
-0.5653429031 
0.8076400757 
-0.1537990570 
0.3150186539 
1.3375852108 
0.1464140415 
1.3562507629 
1.0329198837 
-0.1901493073 
1.0109195709 
0.4111299515 
0.6993370056 
1.6788007021 
0.7202737331 
0.8540024757 
0.4623486996 
0.6524055004 
1.4407620430 
-0.0612161160 
0.4603655338 
0.8202190399 
-0.2970385551 
1.3798682690 
0.8815245032 
-0.5259304047 
0.5968208313 
-0.0861835480 
0.0715030432 
0.7915925980 
-0.1240100861 
0.4917736053 
0.3280982971 
0.2525787354 
1.1134853363 
-0.1423864365 
0.1888880730 
0.7962582111 
-0.1787874699 
0.7026071548 
0.4942560196 
0.2084302902 
1.0945470333 
0.0917711258 
0.3548016548 
0.4271645546 
-0.4573607445 
0.9965715408 
0.6031849384 
0.0003559589 
1.0389871597 
0.0379647017 
0.2913392782 
0.3537206650 
-0.5742094517 
1.1798031330 
0.6523373127 
-0.4202902317 
0.8131661415 
-0.1551232338 
0.0045340061 
0.5495538712 
-0.5163033009 
0.7379250526 
0.4685430527 
-0.3831791878 
0.8358368874 
-0.1146590710 
0.0552577972 
0.9488201141 
-0.2108325958 
0.4773885012 
0.4766045809 
-0.0672644973 
0.9385713339 
0.1979576349 
0.2453101873 
0.5227894783 
-0.3804676533 
0.7382568121 
0.4375733733 
-0.2224117517 
0.8287152052 
-0.1671605110 
0.0433464050 
0.7005805969 
-0.3437073231 
0.6816825867 
0.4642009735 
-0.3191094995 
0.7863986492 
-0.1139130592 
0.0128893852 
0.7578032017 
-0.3217511177 
0.5202517509 
0.4213374853 
-0.2334237099 
0.7542288303 
-0.3138403893 
-0.1068816185 
0.8706831932 
-0.3419116139 
0.4096057415 
0.4783396721 
-0.3601503372 
0.8112339973 
0.3212398291 
0.0828291178 
0.4712333679 
-0.3659150004 
0.5395834446 
0.4169471264 
-0.2239064574 
0.7566474676 
-0.3022973537 
-0.1304249763 
0.9009349346 
-0.5320253372 
-0.1158977747 
0.1455461979 
-0.5443387032 
0.5374225378 
0.0584349632 
-0.1362001896 
0.4716808796 
-0.4784104824 
0.1141997576 
0.2355744839 
-0.4484963417 
0.5872946978 
0.2052433491 
-0.1021635532 
0.2897810936 
-0.4293385744 
0.1294791698 
0.2034972906 
-0.1035423428 
0.3864394426 
-0.6923160553 
-0.2779099941 
0.5669435263 
-0.5007909536 
0.2733796835 
0.2680789232 
-0.4932358265 
0.5624415874 
-0.0519373417 
-0.1516103745 
0.5407943726 
-0.3411412239 
0.3003236055 
0.4601718187 
-0.0392305553 
0.6466569901 
-0.2476520538 
-0.0809957683 
0.6142215729 
-0.4092278481 
0.3633503914 
0.2447907627 
-0.5516958237 
0.5088024139 
-0.2619755268 
-0.2076935768 
0.6498227119 
-0.5862956643 
0.0073761940 
0.1068596840 
-0.7454252243 
0.4176082611 
-0.1174745560 
-0.2788543701 
0.5696010590 
-0.5285751820 
-0.0305538177 
0.2344741821 
-0.5145869255 
0.4578993320 
-0.0780873299 
-0.1898612976 
0.6457533836 
-0.3904144764 
0.1402978897 
0.3119854927 
-0.5647106171 
0.5213435888 
0.0531280041 
-0.2815837860 
0.5595808029 
-0.5018692017 
-0.1536629200 
0.3476743698 
-0.3724975586 
0.3821163177 
-0.0298080444 
-0.3831915855 
0.2908239365 
-0.3770923615 
0.1102638245 
0.3141870499 
-0.3595170975 
0.3377456665 
-0.2113540173 
-0.2609262466 
0.4959592819 
-0.4008188248 
0.1062135696 
0.2212352753 
-0.6132140160 
0.3222475052 
-0.1330311298 
-0.4790034294 
0.2554869652 
-0.4292449951 
0.0794830322 
0.1815547943 
-0.5931577682 
0.2260570526 
-0.2872600555 
-0.4301738739 
0.3558330536 
-0.4193201065 
0.1579904556 
0.2184305191 
-0.5968394279 
0.4157848358 
-0.1039266586 
-0.3172225952 
0.5233001709 
-0.4379081726 
0.0851821899 
0.3022651672 
-0.5702476501 
0.5532236099 
0.1111068726 
-0.4187183380 
0.3817081451 
-0.4899814129 
-0.1085815430 
0.2100372314 
-0.6141161919 
0.2314739227 
-0.1968765259 
-0.4800643921 
0.3170127869 
-0.5683341026 
-0.1103172302 
-0.0475387573 
-0.9613304138 
0.4513692856 
0.1002893448 
-0.6144280434 
0.3701019287 
-0.5056092739 
-0.2240819931 
0.4688014984 
-0.4346237183 
0.1364336014 
-0.1658086777 
-0.5790958405 
0.2689132690 
-0.4528160095 
-0.1399154663 
0.3139991760 
-0.5460891724 
0.1039886475 
-0.2050361633 
-0.6675205231 
0.1522345543 
-0.2489070892 
0.1454591751 
0.1599044800 
-0.5834012032 
0.4979395866 
0.0538048744 
-0.3835010529 
0.4836010933 
-0.5640316010 
-0.2110614777 
0.5299444199 
-0.3652162552 
0.2203102112 
-0.0656518936 
-0.4510545731 
0.3275337219 
-0.5460510254 
-0.2448997498 
0.2639465332 
-0.5536575317 
0.2664356232 
0.0260925293 
-0.4577331543 
0.3762788773 
-0.3357315063 
-0.1104278564 
0.2152090073 
-0.5936307907 
0.2384176254 
-0.0444555283 
-0.4153361320 
0.3964462280 
-0.5555820465 
-0.2813112736 
0.1959443092 
-0.6829638481 
0.1660499573 
-0.0887689590 
-0.4678030014 
0.4096641541 
-0.6750240326 
-0.3424839973 
0.4827628136 
-0.5227975845 
0.1516299248 
-0.0080819130 
-0.6319999695 
0.2480106354 
-0.4491195679 
-0.3365685940 
0.1391849518 
-0.7257528305 
0.0098667145 
-0.1533582211 
-0.6390647888 
0.2059431076 
-0.5761222839 
-0.4005866051 
0.1204814911 
-0.7065566182 
0.0475687981 
-0.0722107887 
-0.3399958611 
0.4186959267 
-0.7552185059 
-0.4206942320 
0.3647968769 
-0.6800098419 
0.0787181854 
-0.0610122681 
-0.6703133583 
0.2406463623 
-0.6726548672 
-0.4775595665 
0.3108363152 
-0.6904747486 
0.0845744610 
0.0170426369 
-0.7457494736 
0.2660241127 
-0.3309783936 
-0.3545680046 
0.2309683561 
-0.6227807999 
0.0929135084 
0.0640311241 
-0.4800815582 
0.3055109978 
-0.6204462051 
-0.5268330574 
0.2013297081 
-0.7513232231 
-0.0684061050 
0.0495868921 
-0.3207647800 
0.4221053123 
-0.6436884403 
-0.4294291735 
0.3238544464 
-0.6844804287 
0.3270525932 
0.2156980038 
-0.8220920563 
0.4810707569 
0.0436992645 
-0.3639937639 
0.1020090580 
-0.8172636032 
-0.1730005741 
-0.0638754368 
-0.6476237774 
0.2928594351 
-0.3703788519 
-0.4888463020 
0.0978715420 
-0.8493790627 
-0.2667298317 
-0.0741046667 
-0.4445676804 
0.2934479117 
-0.5344173312 
-0.4154618680 
0.0776438713 
-0.7251620293 
0.3636882305 
-0.1077891588 
-1.2196221352 
0.1035752296 
-0.5388042927 
-0.7078700066 
0.0814850330 
-0.9226979017 
-0.1809477806 
-0.1207320094 
-0.9690877199 
0.1043771505 
-0.5424905419 
-0.7214028835 
0.0310807228 
-0.8424084187 
-0.0186128616 
0.0704134703 
-0.7317603827 
0.3158128858 
-0.4123780727 
-0.6161606312 
0.0918016434 
-0.8555996418 
0.0016632080 
-0.0114423633 
-0.9462610483 
0.3374848366 
-0.2809888721 
-0.6353044510 
0.0997024775 
-0.9262418747 
-0.1813182831 
-0.1316298246 
-1.1286492348 
0.2753686905 
-0.1454143524 
-0.7342317104 
-0.0777351856 
-0.8887126446 
-0.1841326952 
-0.1673763990 
-1.0750150681 
0.1445205212 
-0.4572703838 
-0.6508650780 
0.3633243442 
-0.9470767975 
-0.5288302898 
0.0292338133 
-0.8266285658 
0.1130361557 
-0.3582825661 
-0.8042862415 
0.0107874870 
-0.8793888092 
-0.4603652954 
0.0456671715 
-0.5885241032 
-0.1579583883 
-0.8700273037 
-0.6983227730 
0.1585800648 
-0.7557092905 
-0.0482786894 
-0.0618883669 
-0.9617938995 
0.0369834900 
-0.6341624260 
-0.5885598660 
0.4015910625 
-0.6572964191 
-0.0113393068 
-0.0157254934 
-1.0402246714 
-0.1334128380 
-0.9364290237 
-0.6634416580 
0.5356905460 
-0.9077181816 
-0.2671570778 
-0.0302104950 
-1.2039937973 
-0.2459723949 
-1.0627403259 
-0.8824820518 
0.4708843231 
-1.1396856308 
-0.4434926510 
0.1085376740 
-1.2053985596 
0.0519456863 
-0.5851407051 
-1.1917734146 
0.0969076157 
-0.9929008484 
-0.3250837326 
0.4768190384 
-0.6132333279 
0.2656908035 
-0.3906844854 
-0.7894282341 
0.3107385635 
-0.7989486456 
-0.1026966572 
0.1946840286 
-0.9961853027 
0.3447360992 
-0.4603381157 
-0.7998335361 
0.4911384583 
-1.8905315399 
-1.5479607582 
0.1771883965 
-1.2091774940 
-0.3860883713 
-0.5309418440 
-1.6768976450 
-0.4431948662 
-0.5253725052 
-0.1364002228 
-0.0390911102 
-1.1937513351 
-0.2015779018 
-0.7340605259 
-1.3278732300 
-0.1515474319 
-1.0142555237 
-0.5756435394 
-0.1240568161 
-1.2985954285 
-0.7129284143 
-1.3004930019 
-0.9677519798 
0.2417957783 
-1.5852258205 
-0.8250017166 
-0.0467488766 
-1.4613626003 
0.1572637558 
-0.3512177467 
-1.6289241314 
-0.1690515876 
-0.8097991943 
-0.4137802124 
-0.0812797546 
-1.3822311163 
0.1628580093 
-0.3809986115 
-1.6436023712 
-0.2397422791 
-1.0127258301 
-0.7326622009 
-0.1879148483 
-1.4254059792 
-0.2073829174 
-0.5048215389 
-1.0821447372 
0.3194189072 
-0.7577886581 
-0.4030544758 
0.1521730423 
-1.1998496056 
-0.0459980965 
-0.4074711800 
-0.7937860489 
0.5508434772 
-1.0652854443 
-0.6704587936 
0.1787348986 
-1.4620867968 
-0.4602208138 
-0.7681405544 
-1.2980558872 
0.1979072094 
-1.0892159939 
-0.6462290287 
0.3459663391 
-1.1809060574 
-0.6363420486 
-0.8103606701 
-0.4060950279 
0.5776033401 
-1.5843043327 
-0.7257161140 
-0.3191249371 
-1.7859039307 
0.8714580536 
-0.2421722412 
-2.2517805099 
-0.1996270418 
-1.3772869110 
-1.0240787268 
-0.2653759718 
-1.6823571920 
0.9292588234 
0.0141870975 
-2.3831720352 
-0.1034536958 
-1.0077306032 
-0.9950293303 
-0.0414004326 
-1.5633025169 
0.6584944725 
-0.1409242153 
-2.6869297028 
-0.4803495407 
-1.4977488518 
-1.6088664532 
0.2890067101 
-1.4337649345 
-0.6540114880 
-0.2085623741 
-1.1243863106 
-0.0372480154 
-1.3837699890 
-1.4817483425 
-1.3131632805 
-1.7984070778 
1.7864775658 
0.4453538060 
-2.4526622295 
-0.3113780022 
-1.8119773865 
-2.4767255783 
-2.2024846077 
-2.7338070869 
1.9796648026 
0.3585885167 
-3.5118916035 
0.2025077343 
-1.7033088207 
-1.9574059248 
2.5216634274 
-1.3628106117 
-2.4774897099 
0.7890994549 
0.3077005148 
1.1478979588 
0.7132940292 
-0.4949749708 
0.0410685539 
0.7182805538 
3.7132146358 
3.8223874569 
1.8788913488 
1.8814160824 
-0.6769614220 
-3.9661355019 
-7.5846776962 
-4.9586906433 
3.6886153221 
0.0955189615 
-2.0755279064 
4.1803526878 
0.1866855472 
4.2350263596 
13.0479679108 
2.9699380398 
-1.7616168261 
2.7049441338 
0.5544950962 
-2.3443346024 
-8.1013555527 
-5.2653551102 
4.6674299240 
-2.9394800663 
-7.3639793396 
3.2794938087 
2.5460505486 
-2.1601080894 
-0.9555218220 
-9.5308361053 
-15.1819953918 
-0.1374816597 
10.6559743881 
8.2190685272 
11.3662128448 
0.6137583256 
-19.0573348999 
-9.6587915421 
-2.6126172543 
-13.9845123291 
-9.7159385681 
0.2160495669 
6.0599522591 
-4.7109103203 
-29.9547958374 
-10.8653049469 
9.8566541672 
-27.6081428528 
-35.0512313843 
1.5189564228 
9.3903121948 
7.1500463486 
6.6822476387 
-5.4032640457 
-10.5204982758 
-12.0397911072 
-11.6319828033 
2.5572278500 
14.1065740585 
7.8421292305 
0.4749004841 
1.6755944490 
-5.5848245621 
-18.4841594696 
-24.5672683716 
-18.0484504700 
-0.8608245850 
-20.5997657776 
-39.7830772400 
28.1810779572 
65.6953811646 
11.3049201965 
7.6074142456 
34.2022018433 
18.4670410156 
9.3460798264 
-4.8249292374 
-15.6301269531 
-5.3498916626 
-17.3104057312 
-10.7371053696 
21.5928153992 
22.6252098083 
19.6369037628 
13.1529712677 
-8.0644903183 
-7.0500164032 
-8.3062839508 
-8.0667533875 
51.2856750488 
88.9587249756 
11.2881965637 
-31.5847969055 
50.3287963867 
52.4627761841 
-36.4338607788 
-28.3753108978 
12.1136941910 
19.2958221436 
20.7772407532 
-5.6391711235 
21.3638744354 
27.9456405640 
-77.3950424194 
-78.5514678955 
-22.5740928650 
-35.9156570435 
47.0978889465 
80.6336669922 
-31.6758041382 
-35.7825546265 
-11.5683956146 
-42.5825500488 
6.0944995880 
25.4908981323 
-18.8009643555 
-6.7831063271 
25.6035594940 
21.3176975250 
-32.0466384888 
-59.6421661377 
-9.6942653656 
-12.9279899597 
-65.5866317749 
-50.2400779724 
-25.5799446106 
-23.6347618103 
12.1871566772 
32.0892753601 
-8.0262737274 
-6.7673082352 
53.2445678711 
38.3481063843 
