32.1488952637 
17.0060386658 
13.1167869568 
-37.4750442505 
-118.5881195068 
-18.7150402069 
64.4423446655 
-55.0584106445 
-71.2072296143 
0.9906108379 
-10.5977373123 
10.7740764618 
18.8426113129 
-12.5812149048 
-9.4821386337 
-26.3340911865 
-27.7056922913 
-17.3258247375 
-22.3910140991 
7.1901998520 
6.0909986496 
23.1014423370 
59.0125465393 
-6.5203218460 
-11.5035438538 
2.1092009544 
-60.4284324646 
69.7093200684 
158.3050231934 
-24.9077262878 
-54.7638282776 
27.4739685059 
-11.5970983505 
12.5201416016 
26.5327758789 
-33.5855560303 
-30.4860763550 
-30.3278121948 
-37.5308380127 
-32.0123367310 
-49.8645706177 
-22.0120220184 
-8.2739048004 
-42.0944213867 
-30.7023181915 
-27.7902336121 
-34.1643638611 
-1.1239715815 
5.1625709534 
-3.9645726681 
2.1297852993 
9.3838272095 
16.8548927307 
-0.6270688772 
-9.2316265106 
-7.5187511444 
-30.2436103821 
-1.2118262053 
21.6247615814 
-45.6596984863 
-44.6954193115 
21.2806091309 
15.9077281952 
22.4851646423 
37.3342742920 
-23.8021259308 
-40.4984741211 
10.3901472092 
5.3561182022 
-20.1746196747 
-11.2075757980 
-9.8949642181 
-8.9180107117 
6.0940995216 
8.9706211090 
1.4362071753 
0.8565295935 
8.9368762970 
7.2864408493 
-6.1307640076 
-7.9963874817 
-11.3394603729 
-17.5147132874 
-4.7870345116 
-4.3557939529 
-18.0491275787 
-15.7989082336 
-15.0377273560 
-16.5352020264 
-18.6744766235 
-21.4040184021 
-5.0050654411 
-2.4628121853 
-9.3205566406 
1.7423436642 
-17.6917495728 
-22.3391265869 
24.0134124756 
18.7094078064 
-10.6974411011 
0.5369651318 
-4.5012640953 
-7.0043206215 
11.3359699249 
5.7629556656 
-1.0718660355 
1.0362970829 
-1.5262563229 
-0.3093768358 
-4.0626621246 
-5.0291156769 
-3.3454782963 
-6.4888010025 
1.4154875278 
1.9389791489 
-5.4244217873 
-0.4862103462 
-5.6991791725 
-8.3255538940 
2.7369346619 
-3.3589069843 
-10.1669120789 
-6.4990682602 
-7.2802634239 
-3.3097522259 
-1.8261644840 
-2.0302004814 
6.2533097267 
3.3742775917 
-4.8129205704 
-2.5024957657 
-2.4821090698 
-3.7250843048 
-1.1797125340 
-3.1391196251 
-7.9370412827 
-6.8994331360 
-2.0020446777 
-1.8966422081 
-2.4289391041 
-0.0103164017 
-0.8188410997 
-0.9908090830 
-0.4339465499 
-2.1208295822 
-0.4171538949 
-0.1565900445 
-2.2117519379 
0.0592074990 
1.5512136221 
0.4275447130 
-1.2181591988 
-1.9270067215 
-0.5816264153 
-1.1488828659 
-0.3934589624 
0.3546224833 
-3.0622732639 
-1.8214612007 
-0.3984787464 
-2.2692701817 
0.3835075498 
-0.5769197345 
-2.9156613350 
-0.8354195356 
-3.0797305107 
-2.5920393467 
0.5664083958 
-1.8358881474 
-1.5157878399 
-0.8317990303 
-1.5460505486 
-0.2521635294 
-2.6356689930 
-2.0013585091 
0.8752688169 
-1.4267134666 
-0.3811013699 
0.0649769306 
-2.2536387444 
-0.0665057600 
-0.2981601059 
-1.1634659767 
-0.0207490921 
-1.5530219078 
-0.3840202093 
-0.2994279861 
-2.6517717838 
-0.4940981865 
-0.2306818962 
-1.3814363480 
-0.8291225433 
-1.7961215973 
-0.5658951998 
-0.5673270226 
-2.2281253338 
-0.4809286594 
-0.9355356693 
-1.4161021709 
-0.2989986539 
-1.5004131794 
-0.4298357964 
-0.3897337914 
-1.9322175980 
-0.4181640148 
-1.4591927528 
-1.5536983013 
0.3904634714 
-1.4918208122 
-1.1166923046 
-0.4356026649 
-1.9096629620 
-0.4379758835 
-0.8147716522 
-1.5077896118 
-0.3378019333 
-1.5070886612 
-0.8525741100 
-0.3766549826 
-1.5505616665 
-0.2897925377 
-0.9722180367 
-1.3048319817 
0.0003728867 
-1.3272714615 
-0.7001334429 
-0.2848577499 
-1.4518175125 
-0.2160596848 
-1.0600270033 
-1.1122522354 
0.5657300949 
-1.2030166388 
-0.9747195244 
-0.2914752960 
-1.4943633080 
-0.4604108334 
-1.1922256947 
-1.4082556963 
0.1027846336 
-1.4248857498 
-1.1110115051 
-0.4572639465 
-1.5360293388 
-0.7132673264 
-1.7571973801 
-1.4767251015 
0.4848833084 
-1.4254403114 
-0.9435033798 
-0.1087865829 
-1.7647626400 
0.0274906158 
-0.0444240570 
-1.4421896935 
-0.3541736603 
-1.5939984322 
-1.4513001442 
-0.4902312756 
-1.6767148972 
-0.3391637802 
-0.2725300789 
-1.4841785431 
-0.5475625992 
-1.3364515305 
-1.2450094223 
-0.1179537773 
-0.6096770763 
-0.2738809586 
-0.8652749062 
-0.7278108597 
0.4359149933 
-0.9081783295 
-0.4919133186 
-0.1679019928 
-1.5498173237 
0.1730091572 
0.2587227821 
-1.0161290169 
-0.1236857176 
-0.9361898899 
-0.9387171268 
-0.2405433655 
-1.1020851135 
-0.5657119751 
-0.8868417740 
-1.0000120401 
0.1209533215 
-1.0211181641 
-0.8643584251 
-0.2809209824 
-1.2801790237 
-0.4953737259 
-0.7225894928 
-1.0060367584 
0.0323514938 
-0.7878783941 
-0.4283976555 
-0.3837120533 
-1.5986688137 
-0.2865850925 
-0.4772546291 
-1.0237293243 
0.0852230787 
-0.7501850128 
-0.3761026859 
-0.3764676452 
-1.7231047153 
-0.0239738226 
-0.1149765253 
-1.1070806980 
0.0655484200 
-0.8558425903 
-0.7439392805 
-0.2471308708 
-1.5022635460 
-0.3194313049 
-0.4018955231 
-1.2799677849 
-0.0963680744 
-1.0507712364 
-1.0435996056 
-0.0974843502 
-1.1614077091 
-0.5398443937 
-0.5628032684 
-1.1577439308 
-0.1142101288 
-0.6962492466 
-0.5300066471 
-0.2254123688 
-1.3083312511 
-0.2450983524 
-0.3881165981 
-1.0435500145 
0.0551055670 
-0.9023972750 
-0.8074600697 
-0.1600015163 
-1.2700600624 
-0.2590107918 
-0.3102084398 
-1.0999457836 
0.0089502335 
-0.8609695435 
-0.8392987251 
-0.0674941540 
-1.1414375305 
-0.3351674080 
-0.3539974689 
-0.9747809768 
0.1244713068 
-0.9622397423 
-0.9978618622 
0.0107145309 
-1.1380734444 
-0.4450476170 
-0.3182727098 
-1.2536640167 
-0.1639590263 
-0.4658091068 
-0.5317488909 
-0.1248015165 
-1.1109371185 
-0.2596770525 
-0.2683387399 
-0.8652621508 
0.2591629028 
-0.7837071419 
-0.8016493320 
0.4261620045 
-0.7811008692 
-0.4956769943 
-0.3662394285 
-1.2167141438 
-0.2107152939 
-0.5851929188 
-0.7191898823 
-0.0367792845 
-1.0093282461 
-0.5166220665 
-0.4013218880 
-1.2139754295 
-0.2459063530 
-0.4346299171 
-0.5878663063 
-0.1641908288 
-0.9607459307 
-0.5238180161 
-0.4717155993 
-0.6301882267 
0.1079120636 
-1.0808167458 
-1.0026626587 
-0.1584305763 
-1.2040488720 
-0.4813859463 
-0.4066510201 
-1.2336372137 
-0.2242825031 
-0.7686734200 
-0.9111816287 
-0.2180075645 
-1.1353470087 
-0.6073474884 
-0.4245879650 
-0.7969388962 
0.0857173800 
-0.7775497437 
-0.7385501862 
0.0080952048 
-0.9900997877 
-0.1982164383 
-0.1842880249 
-1.0199180841 
0.0216129422 
-0.7462177277 
-0.7850542068 
0.2095460892 
-0.9193598628 
-0.3791642189 
-0.2695732117 
-1.2668056488 
-0.2155470848 
-0.7146816254 
-0.9087862968 
0.0357589722 
-1.0039958954 
-0.6121840477 
-0.3734038174 
-1.1865565777 
-0.2416645288 
-0.7563453913 
-0.9250988960 
-0.0011444092 
-0.9716782570 
-0.4633650780 
-0.2271709442 
-1.1900379658 
-0.1515555382 
-0.5063261986 
-0.8250797987 
0.1239199638 
-0.8876075745 
-0.7164772749 
-0.2694263458 
-0.9667053223 
-0.1557636261 
-0.4556131363 
-0.8332619667 
-0.2232542038 
-0.9657058716 
-0.5330772400 
-0.2515792847 
-0.8683748245 
-0.1186406612 
-0.6733725667 
-0.8287162781 
-0.0238895416 
-0.8740949631 
-0.3610385656 
-0.1387171745 
-1.0150108337 
-0.1102392673 
-0.4648666382 
-0.8578720093 
-0.2041053772 
-0.9397192001 
-0.4239120483 
-0.2051258087 
-0.9812736511 
-0.1804943085 
-0.6971054077 
-0.9674456120 
-0.2357039452 
-1.0364758968 
-0.4414300919 
-0.2698936462 
-1.1505055428 
-0.1780948639 
-0.6399612427 
-0.9066543579 
-0.0260772705 
-0.9646997452 
-0.4783630371 
-0.2033271790 
-1.1685638428 
-0.0536193848 
-0.2782659531 
-0.7455816269 
0.0748806000 
-0.7923276424 
-0.4723224640 
-0.1126077175 
-0.9473395348 
-0.1071014404 
-0.4864711761 
-0.8140296936 
0.0056810379 
-0.8536682129 
-0.3654079437 
-0.2812509537 
-1.4924001694 
-0.2187662125 
-0.3334197998 
-1.0061044693 
-0.0424327850 
-0.9432907104 
-0.8233680725 
-0.0840358734 
-0.8350296021 
-0.1853866577 
-0.4521942139 
-0.9595184326 
-0.1564135551 
-0.9072132111 
-0.6676826477 
-0.1260890961 
-0.9121704102 
-0.2326049805 
-0.4892883301 
-1.0943496227 
-0.4870901108 
-0.9606957436 
-0.4569149017 
-0.3374404907 
-1.2234172821 
-0.1603813171 
-0.4381437302 
-0.8485298157 
0.1146154404 
-0.9422338009 
-0.8234851360 
-0.0647487640 
-0.8065185547 
-0.1421670914 
-0.3759841919 
-0.7839188576 
0.0478248596 
-0.8357238770 
-0.6780166626 
-0.1840648651 
-1.0344352722 
-0.2288160324 
-0.3712453842 
-0.8727831841 
-0.0391654968 
-0.7083053589 
-0.4807052612 
-0.1054191589 
-0.9623641968 
-0.1624269485 
-0.3808650970 
-0.7453041077 
0.1730847359 
-0.7291717529 
-0.5593891144 
-0.0791587830 
-0.9995460510 
-0.1998420954 
-0.4208941460 
-0.8023831844 
0.2054698467 
-0.8900265694 
-0.8073043823 
0.0392833948 
-0.8492951393 
-0.1293780804 
-0.1817369461 
-0.8198031187 
0.0502796173 
-0.6103553772 
-0.5280189514 
-0.0162363052 
-0.9069609642 
-0.2150812149 
-0.3335266113 
-0.8511219025 
0.0190277100 
-0.7442865372 
-0.6676616669 
-0.1588191986 
-1.0333862305 
-0.3708968163 
-0.5114884377 
-0.7186093330 
0.2832946777 
-0.8643776178 
-0.7734001875 
0.0258846283 
-0.9549281597 
-0.2010362148 
-0.2583076954 
-0.8598809242 
0.1052665710 
-0.8306221962 
-0.8313186169 
-0.0493793488 
-1.0390448570 
-0.2771334648 
-0.2303514481 
-1.0422620773 
-0.0950002670 
-0.6427674294 
-0.6848561764 
-0.0850653648 
-0.9740116000 
-0.3054628372 
-0.2581701279 
-0.7268600464 
0.2119035721 
-0.6684556007 
-0.7441103458 
-0.0422959328 
-1.0306010246 
-0.5077729225 
-0.4468066692 
-0.7295489311 
0.2534811497 
-0.7721402645 
-0.7591239214 
-0.0511834621 
-1.1458929777 
-0.1278812885 
-0.0039148331 
-1.1329953671 
0.0489258766 
-0.1432509422 
-0.3349933624 
0.2050938606 
-0.7972750664 
-0.2910963297 
-0.2065107822 
-0.8433475494 
0.1475858688 
-0.3851075172 
-0.4918062687 
0.1469519138 
-0.8385615349 
-0.4482569695 
-0.3564383984 
-0.6959190369 
0.2044416666 
-0.5403805971 
-0.4776349068 
-0.0325820446 
-0.9507684708 
0.3105382919 
0.2115952969 
-1.0044646263 
0.1416932940 
-0.4460971355 
-0.6584796906 
0.1181694269 
-0.9318643808 
-0.2443379760 
-0.0964078903 
-0.9941096902 
0.0489500165 
-0.5266021490 
-0.7770541310 
-0.1074984074 
-1.1101089716 
-0.3600859046 
-0.1585154533 
-0.9466161728 
0.1682487130 
-0.4106484652 
-0.6258245707 
0.0475666523 
-1.0072445869 
-0.1766938567 
-0.0547215939 
-1.0898745060 
0.1545543075 
-0.2671823502 
-0.5480748415 
0.2092223167 
-0.8807070255 
-0.1698596478 
-0.0361821651 
-1.2349574566 
0.0438714027 
-0.1119818687 
-0.5472098589 
0.0574924946 
-0.8783339262 
-0.1828609407 
-0.0648841262 
-1.0994198322 
0.0423772335 
-0.5127110481 
-0.7559422255 
0.4225671589 
-0.7830184698 
-0.5575323105 
-0.0598225594 
-0.9124606848 
0.0813341141 
-0.2376210690 
-0.6841597557 
0.1243672371 
-0.8125829697 
-0.5831661224 
-0.0790767670 
-0.4969259799 
0.1006789207 
-0.7442967892 
-0.8378217220 
-0.0083205700 
-0.9122679234 
-0.1594737172 
0.0025756955 
-0.8988432884 
0.0507445335 
-0.6938657761 
-0.8258912563 
0.2098345757 
-0.7314078808 
0.0295735598 
0.2629888058 
-0.6711285114 
0.2010312080 
-0.8279101849 
-0.8459520340 
0.5133895874 
-0.7325801849 
-0.0797681808 
0.3378496170 
-0.7222487926 
0.2073129416 
-0.8527390957 
-0.9975724220 
0.4993672371 
-0.9935021996 
-0.4412546158 
0.2012910843 
-1.0799018145 
0.1938753128 
-0.3324518204 
-1.0969400406 
0.0389109850 
-1.2113065720 
-0.7970476151 
0.0767139196 
-0.7872977257 
0.2893199921 
-0.2562041879 
-0.7440283298 
0.3390777111 
-0.7927666903 
-0.0971827507 
0.3630971909 
-0.8079071045 
0.6309318542 
-0.0257258415 
-0.2654333115 
1.5790948868 
-0.6634697914 
-1.0444517136 
0.4130902290 
-0.7991266251 
0.1144108772 
0.1428411007 
-1.1915206909 
-0.4795742035 
-0.7495694160 
-0.0864925385 
0.3630404472 
-0.7319626808 
0.3073227406 
-0.1190214157 
-0.8681306839 
0.1750750542 
-0.7148113251 
-0.2738580704 
0.4042959213 
-0.5370807648 
0.0185484886 
-0.9523684978 
-0.8997259140 
0.6024708748 
-1.1609182358 
-0.7024335861 
0.0553054810 
-1.4648528099 
0.1893367767 
0.0794284344 
-1.2625644207 
-0.1545329094 
-0.8894381523 
-0.3570936918 
0.1421453953 
-1.2958300114 
0.3102149963 
0.1812591553 
-1.1216201782 
0.0073156357 
-0.8507932425 
-0.5772426128 
0.0289154053 
-1.3219752312 
-0.2313718796 
-0.5335435867 
-1.2578954697 
0.1285066605 
-0.8572063446 
-0.4632949829 
0.2538856268 
-1.0846028328 
-0.0122358799 
-0.4081366062 
-0.8310115337 
0.7879884243 
-0.6487541199 
-0.3585749865 
0.6701898575 
-0.8318560123 
0.0732455850 
-0.3637549877 
-1.1156183481 
0.3747876883 
-0.9058334827 
-0.6296873093 
0.5786762238 
-0.6137484312 
-0.2214579582 
-0.8559784889 
-0.4568710327 
1.1245117188 
-0.8435873985 
-0.1557090282 
0.1198000908 
-1.8057608604 
1.0324418545 
0.7890126705 
-1.2044991255 
0.4333009720 
-0.8711752892 
-0.6062278748 
-0.0662205219 
-1.9716928005 
0.8920822144 
0.9439396858 
-1.4530699253 
0.3211843967 
-0.6423625946 
-0.5950161219 
0.2623423338 
-1.5486390591 
1.0357968807 
1.1975617409 
-1.3351416588 
0.3950749636 
-0.8630120754 
-1.3810129166 
0.4507160187 
-1.0966048241 
-0.4388506413 
-0.0055770874 
-0.6825332642 
0.7240459919 
-0.3627809882 
-0.4645420313 
-1.0668234825 
-2.7544422150 
1.2185392380 
1.4939432144 
-0.9258139133 
1.0894325972 
-0.0823822021 
-0.7281699181 
-1.7034852505 
-4.0999503136 
0.8961957693 
1.0303711891 
-2.8484177589 
0.2575684190 
-2.0805168152 
-3.3919453621 
1.5767674446 
-1.1327450275 
-3.2997491360 
-1.3921636343 
-1.7705702782 
-0.4025267363 
-0.2888767719 
-1.4380202293 
-2.0637505054 
-2.7688262463 
0.4394234419 
2.3899517059 
2.5868668556 
4.7244095802 
4.7315831184 
2.7091174126 
-4.3290915489 
-7.1274132729 
0.6661261916 
-1.7072056532 
-5.0244774818 
0.2968431413 
-5.3315362930 
-3.0909101963 
10.0854187012 
6.3051867485 
2.2525458336 
6.2704601288 
7.1756258011 
6.9966483116 
-1.5396589041 
-3.7232091427 
7.1735901833 
2.3285048008 
-5.3008522987 
3.1117124557 
5.6092128754 
4.2870464325 
9.0777158737 
0.9672247767 
-14.0745067596 
-8.9110851288 
1.6599473953 
4.9392952919 
19.0232505798 
19.6181449890 
-1.1550916433 
1.1659369469 
8.0723514557 
-3.8620834351 
-6.7950143814 
-0.4209411740 
15.4183025360 
16.7764282227 
-15.4700336456 
-7.8058857918 
22.9771862030 
-7.8896336555 
-35.4693374634 
-17.0215969086 
-7.0886187553 
-0.5627257824 
7.8233289719 
2.2506656647 
-2.8657879829 
-10.1459465027 
-20.2271041870 
-13.9696674347 
1.6026008129 
4.7941360474 
3.1171953678 
10.0902614594 
10.6046848297 
0.1410886049 
-15.3930778503 
-21.0407505035 
-1.0627309084 
-22.9185047150 
-78.2698059082 
-37.3368377686 
23.2284965515 
-5.9689135551 
-13.1393098831 
15.2759704590 
16.4309005737 
21.1483383179 
10.9346227646 
-3.5976979733 
1.7991387844 
-20.6000671387 
-32.8408889771 
-9.3930120468 
-0.5008214712 
10.1454334259 
15.8783340454 
-2.2461297512 
-7.4226713181 
-24.7831268311 
-58.3118705750 
-13.3523759842 
69.0970611572 
30.4791812897 
-36.7293052673 
33.6169357300 
78.5477676392 
8.1018886566 
-14.1978588104 
3.6334655285 
18.6117095947 
34.6153640747 
7.2835993767 
47.2225112915 
99.7769699097 
7.6667499542 
-34.0722427368 
-21.0653839111 
-73.7095642090 
1.2570495605 
89.3891906738 
18.7266349792 
4.5374145508 
13.5602159500 
-36.1927413940 
-3.4428465366 
29.8388996124 
-5.0987863541 
-8.2401065826 
29.3644485474 
63.3362808228 
29.9521293640 
-18.5136108398 
19.6523475647 
34.2163696289 
-19.4349327087 
-32.6097984314 
-31.7334671021 
-50.1758193970 
-23.5966835022 
14.9548950195 
-17.1415309906 
-35.5454521179 
31.5780353546 
60.7138671875 
36.8136062622 
