-42.1607284546 
-120.7741088867 
10.4371986389 
29.1988563538 
24.9337806702 
103.5811767578 
10.0346469879 
-42.8950309753 
28.8519630432 
-14.2923965454 
11.4331684113 
68.0938796997 
-20.8079147339 
-19.2536067963 
28.4604034424 
3.4461951256 
38.5163955688 
35.3983001709 
-29.2150630951 
-43.5220336914 
-54.3513107300 
-41.0452575684 
-22.8897209167 
-23.8022193909 
51.1153411865 
91.8060455322 
10.0787487030 
-30.5323219299 
17.0758686066 
33.7107696533 
-24.1542015076 
-37.6833496094 
38.1871604919 
55.3218688965 
21.0694427490 
23.6876068115 
-7.7411794662 
-38.4553527832 
2.7118220329 
17.5551795959 
-20.0881366730 
-21.0020713806 
10.2999420166 
11.2983837128 
11.2096872330 
27.0684127808 
7.8947038651 
4.6933813095 
33.1715507507 
21.9619712830 
19.4328460693 
18.9025840759 
-18.4619789124 
-18.6599540710 
-13.8558006287 
-17.1767902374 
3.8614320755 
-9.6698455811 
7.4173727036 
23.1935844421 
-62.2978286743 
-67.4468078613 
-9.5541286469 
-18.7562179565 
39.8565902710 
72.1366424561 
-4.9454679489 
-3.7281827927 
15.9178371429 
-5.2951784134 
14.2277679443 
14.5896778107 
15.8719520569 
31.1338691711 
3.2413847446 
-0.6882805824 
1.6958565712 
-17.3940925598 
1.1597216129 
2.6292719841 
-13.6913890839 
-0.8973925710 
-5.9034800529 
-8.3373460770 
9.2040920258 
6.6317548752 
-1.5837255716 
1.2481154203 
14.1682863235 
16.5105285645 
1.1105504036 
-0.0619752407 
-6.6720914841 
-14.7926626205 
6.9733591080 
10.2805681229 
-6.5159730911 
-0.6924928427 
9.6369104385 
4.6617345810 
-13.6426792145 
-16.6075038910 
-1.1972289085 
-0.0979942679 
8.3635044098 
17.6893024445 
5.5511798859 
7.1917572021 
5.9268698692 
-3.3711640835 
5.2746982574 
2.2114245892 
2.6478309631 
10.0988807678 
-4.5133080482 
-1.8481998444 
3.4281721115 
-6.2934865952 
6.7993278503 
4.2620339394 
-9.4284992218 
0.4225330353 
-7.1621885300 
-7.5262165070 
11.9015970230 
3.9913825989 
-2.7239487171 
2.3856592178 
0.0767088532 
3.6424050331 
2.4722509384 
0.2461171746 
3.0978660583 
-0.9763256311 
2.1232171059 
3.9632453918 
-1.4283097982 
3.4400699139 
5.2088851929 
2.4069752693 
1.2822338343 
-1.8189033270 
2.4245967865 
2.5001351833 
-1.2679984570 
3.4465329647 
1.3685688972 
0.5605686903 
4.3302001953 
-0.4558809698 
0.6644579172 
1.2311315536 
-3.8022859097 
0.5827506781 
1.9347429276 
0.4557945728 
2.2433238029 
-0.1580945253 
1.4093856812 
1.7312030792 
-0.8568802476 
1.8223687410 
-0.7873089314 
-0.7488837242 
3.8183226585 
0.3933463097 
1.1457633972 
2.2748174667 
-0.7126379609 
1.9226150513 
-0.0758491755 
-0.7197167873 
3.9424800873 
0.4003649950 
-0.1962822676 
2.0111072063 
0.0767893791 
2.2138133049 
1.4407892227 
0.1871676445 
2.5139236450 
0.0791497231 
0.5600646734 
1.7119915485 
-0.4430423975 
1.6742098331 
0.8817403316 
-0.0214433670 
2.2561156750 
0.1991717815 
1.1699190140 
1.9804909229 
-0.5312232971 
1.6142797470 
0.8700675964 
-0.1865353584 
1.9763536453 
0.0196073055 
0.9324507117 
1.7785749435 
-0.4387178421 
1.5060030222 
0.2606447935 
-0.3597950935 
2.5808119774 
-0.0703201294 
0.0077459812 
1.5024027824 
-0.4434661865 
1.3536502123 
0.6610953808 
-0.1927254200 
2.1733915806 
0.0755598545 
0.6844682693 
1.5878286362 
-1.2352766991 
1.2788410187 
1.6235257387 
-0.2241916656 
1.7006702423 
0.0832865238 
-0.0389003754 
1.6576852798 
0.2363377810 
1.4149054289 
1.0511125326 
-0.0677952170 
1.5230557919 
0.0608480573 
0.3775775433 
1.2729656696 
-0.5873284340 
0.9875471592 
0.8314304352 
-0.1888422966 
1.6831984520 
0.3119382858 
0.4169983864 
1.6780767441 
0.2671697140 
1.0517888069 
0.2478384972 
-0.2241201401 
1.8134326935 
0.0329132080 
0.1982326508 
1.4325475693 
-0.2672467232 
1.0130367279 
0.7500290871 
-0.3929424286 
1.1018023491 
-0.0119676590 
0.6145168543 
1.1473731995 
-0.9818162918 
1.3322439194 
1.7010207176 
-0.0298418999 
1.5758476257 
0.2856693268 
-0.0131325722 
1.3490495682 
-0.2379693985 
0.6373424530 
0.7072296143 
-0.6285989285 
0.7523488998 
0.0512943268 
0.1473238468 
1.1633311510 
-0.3428432941 
0.6946086884 
0.9203844070 
-0.5678119659 
0.5008077621 
0.5729169846 
1.0566568375 
1.2967810631 
-0.2309808731 
0.8124419451 
0.5333147049 
-0.3610304594 
1.0920891762 
0.1081616879 
0.2523651123 
1.2927465439 
-0.0616130829 
0.6961789131 
0.4924135208 
-0.4271793365 
0.8848956823 
0.0257189274 
0.1972554922 
1.1368449926 
-0.1110413074 
0.7761449814 
0.6430776119 
-0.1513411999 
1.1460542679 
0.0929772854 
0.1366416216 
0.9364832640 
-0.4666976929 
0.6437139511 
0.7041103840 
-0.4003968239 
0.9052963257 
0.2050716877 
0.1937489510 
1.0545544624 
-0.2207272053 
0.4066858292 
0.2660927773 
-0.3446955681 
1.0181026459 
-0.1773719788 
-0.2114374638 
1.1587543488 
0.0221643448 
0.4301648140 
0.3736596107 
-0.1314736605 
1.0899069309 
-0.0954438448 
-0.1348793507 
0.9208791852 
-0.3026709557 
0.5133776665 
0.5828063488 
-0.2885830402 
0.9304256439 
0.0221519470 
-0.0711742640 
0.9212086201 
-0.2826493979 
0.4809575677 
0.5764683485 
-0.3977808952 
0.7371888161 
0.0181437731 
-0.0860590935 
0.7879493237 
-0.2997994423 
0.4809179306 
0.5948634148 
-0.1693875790 
0.9310228825 
-0.0223984718 
-0.1550898552 
0.7191438675 
-0.4119591713 
0.5350216627 
0.7132400274 
-0.2776386142 
0.8232512474 
0.0698964596 
-0.1518627405 
0.4631080627 
-0.6925352812 
0.4529802799 
0.6259205341 
-0.4926452637 
0.7370117903 
0.0077155828 
-0.2152405977 
0.7415475845 
-0.4065504074 
0.4285910130 
0.6657906771 
-0.2989277840 
0.8913464546 
-0.0097072124 
-0.2672438622 
0.9339270592 
-0.3403506279 
0.2323437929 
0.5053682327 
-0.8062846661 
0.3418622017 
0.1107718945 
-0.2341187000 
0.5809454918 
-0.3702529967 
0.3584512472 
0.6532683969 
-0.3606262207 
0.6967101693 
0.0685365200 
-0.2877417803 
0.8080629110 
-0.2564031780 
0.0221400261 
0.4530034065 
-0.1133835316 
0.7732113600 
-0.0942846537 
-0.3755070567 
0.5181264877 
-0.5776343346 
0.1533591747 
0.4669364393 
-0.5533668995 
0.6324439049 
0.1350651085 
-0.1891460419 
0.8346239328 
-0.2949597836 
0.1294628382 
0.4483771324 
-0.4821468592 
0.5590643287 
-0.1295984983 
-0.3720900416 
0.9129731655 
-0.2928739190 
0.0665702820 
0.4588723183 
-0.7946205139 
0.3484277725 
0.1926765442 
-0.3105144501 
0.6989164352 
-0.2852387428 
0.0191556215 
0.4673993587 
-0.6097908020 
0.3860754967 
0.1542153358 
-0.3733367920 
0.6271858215 
-0.3220152855 
-0.1578063965 
0.4439125061 
-0.3423562050 
0.5098633766 
0.2478938103 
-0.2888296843 
0.3870534897 
-0.4448490143 
0.0117692947 
0.3579130173 
-0.5879440308 
0.4114980698 
0.1331272125 
-0.2908430099 
0.6388123035 
-0.3203468323 
-0.0915565491 
0.3324584961 
-0.5306406021 
0.3298559189 
-0.0864396095 
-0.3533341289 
0.7895412445 
-0.2253170013 
0.0432395935 
0.4557287693 
-0.7384834290 
0.2795728445 
0.1882820129 
-0.4428462982 
0.5182151794 
-0.3320045471 
-0.1498646736 
0.4162647724 
-0.5572414398 
0.3195080757 
0.1636695862 
-0.4270458221 
0.5662889481 
-0.3489818573 
-0.3425979614 
0.3695538342 
-0.4771118164 
0.2805595398 
0.2638301849 
-0.4333734512 
0.2511863708 
-0.3112491369 
-0.0453915596 
0.4024138451 
-0.4519801736 
0.3073091209 
0.1320942640 
-0.3903541565 
0.4429168701 
-0.3182253838 
-0.1971607208 
0.2773475647 
-0.5827884674 
0.0937061310 
-0.0842857361 
-0.4954423904 
0.3916492462 
-0.2133865356 
0.1556596756 
0.4104690552 
-0.7477760315 
0.2409715652 
0.2045516968 
-0.5073642731 
0.3944396973 
-0.2489967346 
-0.1021118164 
0.4394321442 
-0.4859848022 
0.1420269012 
-0.1152219772 
-0.5960245132 
0.4455833435 
-0.4763488770 
-0.4848289490 
0.3636288643 
-0.4410276413 
0.1861219406 
0.1709060669 
-0.4561409950 
0.3670768738 
-0.1680517197 
-0.0546493530 
0.4055709839 
-0.5257797241 
0.0899496078 
-0.0394535065 
-0.6000518799 
0.3154650927 
-0.3556957245 
-0.3315868378 
0.3741168976 
-0.3795852661 
-0.0292816162 
-0.2697372437 
-0.4750337601 
0.5551614761 
-0.3091259003 
-0.2663612366 
0.4308161736 
-0.4464273453 
0.0356006622 
-0.1264667511 
-0.5414533615 
0.4147548676 
-0.3096809387 
-0.2057209015 
0.3411598206 
-0.6357126236 
0.0820386410 
0.0212860107 
-0.6532312632 
0.2611742020 
-0.3394489288 
-0.2622852325 
0.3223819733 
-0.6011471748 
0.0812540054 
0.0357141495 
-0.5991868973 
0.3201882839 
-0.3575782776 
-0.3471612930 
0.3036680222 
-0.6152420044 
0.0273323059 
0.0390596390 
-0.6212506294 
0.2734508514 
-0.2409528494 
-0.1746392250 
0.2428190708 
-0.7659454346 
0.1480484009 
0.1938095093 
-0.8064270020 
0.0486421585 
-0.2947616577 
-0.2728996277 
0.1535079479 
-0.7558716536 
0.1083927155 
0.1602582932 
-0.6083278656 
0.3286018372 
-0.3296394348 
-0.4232559204 
0.3149740696 
-0.6137838364 
-0.0744986534 
-0.0121192932 
-0.6485657692 
0.2766355276 
-0.3473582268 
-0.3942220807 
0.2773613930 
-0.6641826630 
0.0402483940 
0.1129467487 
-0.7477239370 
0.1559964418 
-0.3773326874 
-0.4821357727 
0.2125763893 
-0.6740720272 
-0.0626735687 
0.0269498825 
-0.6076228619 
0.3185472488 
-0.5064201355 
-0.6286567450 
0.3520879745 
-0.5688908100 
-0.1669788361 
-0.0319766998 
-0.4759947658 
0.4532540441 
-0.6573271751 
-0.7790126801 
0.4944860935 
-0.5451023579 
-0.2196707726 
0.0074765682 
-0.8189649582 
0.0817625523 
-0.4789503813 
-0.6767997742 
0.1955723763 
-0.7105293274 
-0.0465340614 
0.2222087383 
-0.7539217472 
0.2438292503 
-0.1984782219 
-0.5065178871 
0.4858033657 
-0.5004274845 
-0.4133691788 
-0.1401572227 
-0.7172453403 
0.0926675797 
-0.5526514053 
-0.7195038795 
0.2346620560 
-0.6657596827 
-0.1310728788 
0.1529275179 
-0.8735615015 
0.0420494080 
-0.1317816973 
-0.4976737499 
-0.0384321213 
-0.7970675230 
0.0627790689 
0.2270056009 
-0.8527684808 
0.1194200516 
-0.3568205833 
-0.7254049778 
0.1210970879 
-0.8394738436 
-0.3265898228 
-0.0132513940 
-0.9627697468 
0.0497757792 
-0.3745729923 
-0.6768373251 
0.3533952236 
-0.6352714300 
-0.1875348091 
0.1493439674 
-1.0968623161 
-0.0613415837 
-0.1359813809 
-0.7074228525 
0.0914943218 
-0.7641167641 
-0.4545912743 
0.0055284500 
-0.8799901009 
0.0448575020 
-0.1563811898 
-0.6330130100 
0.1519488096 
-0.6978321075 
-0.3349438906 
0.0395363569 
-1.0097419024 
-0.0886313915 
-0.1872677803 
-0.7730879784 
-0.0717477798 
-0.7569398880 
-0.3703554869 
0.1305422783 
-0.5031715631 
0.2114698887 
-0.4495586157 
-0.8029692173 
0.1815035343 
-0.8569021225 
-0.5780270100 
-0.0198414326 
-0.8166990280 
0.1242010593 
-0.1877975464 
-0.6743822098 
0.0960979462 
-0.8624386787 
-0.4210977554 
-0.1499998569 
-1.3744339943 
-0.1427764893 
-0.1227188110 
-0.6925388575 
0.3179835081 
-0.6019721031 
-0.4612411261 
0.0385074615 
-1.1002361774 
-0.1816544533 
-0.1930313110 
-0.9720047712 
-0.1926224232 
-0.8526918888 
-0.5956637859 
0.0286271572 
-0.7322673798 
-0.0012168884 
-0.3754611015 
-0.8408451080 
0.1795483828 
-0.8274173737 
-0.7964735031 
-0.0401861668 
-0.7439212799 
-0.1018943787 
-0.4899481535 
-0.8856281042 
0.1585928202 
-0.8471006751 
-0.7737131119 
-0.0051872134 
-0.7084400654 
0.0150830746 
-0.2609028816 
-0.6470634937 
0.2969093323 
-0.6527848244 
-0.5092034340 
-0.0908727646 
-1.0318732262 
-0.2727289200 
-0.7692048550 
-0.7632994652 
0.8914036751 
-0.7327585220 
-1.1404819489 
0.0621471405 
-0.7612133026 
-0.3657484055 
-0.6219754219 
-0.9291515350 
0.3135466576 
-0.5769557953 
-0.3897633553 
0.1212663651 
-1.3597072363 
-0.2278556824 
0.0187788010 
-1.4844732285 
-0.8241829872 
-0.9993815422 
-0.8645820618 
-0.1189594269 
-0.7427544594 
-0.4538698196 
-0.8233232498 
-0.8227143288 
0.3919029236 
-0.5216429234 
-0.3426408768 
0.2098712921 
-0.9318506718 
-0.2375520468 
-0.4004981518 
-1.1150417328 
-0.2588167191 
-0.5596656799 
-0.0273733139 
-0.2033491135 
-1.6082296371 
-0.3077645302 
-0.4653558731 
-1.1794120073 
-0.0199422836 
-0.6159182787 
-0.1028113365 
-0.0702493191 
-1.6105699539 
0.0588674545 
0.0078716278 
-1.0390439034 
0.3189525604 
-0.7807073593 
-0.8267170191 
0.1821362972 
-1.0768915415 
-0.3478654623 
-0.4334266186 
-1.1422853470 
0.1579701900 
-0.7193644047 
-0.6351108551 
0.1055338383 
-1.2082952261 
-0.4867416620 
-0.7587184906 
-1.2007474899 
0.3134419918 
-1.0918526649 
-1.0388259888 
0.2916667461 
-1.0098910332 
-0.4205670357 
-0.6812834740 
-1.2717695236 
0.1985344887 
-1.3612303734 
-1.3296623230 
0.3814125061 
-0.8366358280 
-0.1498184204 
-0.2061414719 
-1.2951779366 
-0.1897377968 
-1.3089448214 
-1.3304893970 
-0.5202518702 
-1.8448688984 
-0.0591257215 
0.3019495010 
-1.3315539360 
-0.0144655704 
-0.3639061451 
-0.4542131424 
-0.3389549255 
-1.8612748384 
-0.0732390881 
-0.0958820581 
-1.1216495037 
0.7315634489 
-1.3702187538 
-1.5828366280 
1.2237607241 
-0.3350796700 
-0.1227157116 
0.2642569542 
-1.3075408936 
-0.1771855056 
-0.4053065777 
-0.6350672245 
-0.9406919479 
-2.4414663315 
0.1946649551 
0.2526195049 
-1.3886419535 
0.6446572542 
-1.0235407352 
-0.9321513176 
0.1141283512 
-2.3793120384 
2.7823095322 
3.2448143959 
-5.3123512268 
-2.6902472973 
1.0490083694 
-0.9414106607 
0.2226673365 
-1.3395053148 
-1.7248706818 
-0.9297399521 
-4.4659271240 
-3.1139755249 
-2.1634650230 
-3.9630661011 
-0.1428806782 
-1.2352814674 
-4.8531661034 
-1.7165427208 
-2.4525256157 
-1.6614131927 
7.0066490173 
5.2717509270 
-4.9088296890 
-3.1984159946 
3.1429829597 
0.9410632849 
0.1150596142 
1.8683571815 
-1.7272443771 
-1.0618834496 
4.8096866608 
2.9437618256 
-2.7317171097 
-0.5568687916 
6.8899893761 
5.1150898933 
-4.9403190613 
-3.8545093536 
4.0003237724 
-0.8754898906 
-10.9143590927 
-7.5149083138 
3.2406337261 
0.7975212336 
-7.5509090424 
-3.7904100418 
0.4500741065 
-2.2738728523 
-4.4210600853 
-3.8240683079 
0.6366704702 
0.0762932897 
-1.9855264425 
1.4155001640 
-2.9283137321 
-0.1296995282 
8.3093528748 
1.8537993431 
9.3452205658 
3.8064117432 
-34.2485618591 
-20.5421104431 
13.0190410614 
-6.4063377380 
-15.1466245651 
-3.8294115067 
-3.2920713425 
5.2294502258 
7.2340879440 
9.1656055450 
12.9579811096 
6.1182799339 
18.7861404419 
5.7016320229 
-39.5138549805 
-18.5380363464 
15.6553726196 
-6.4751048088 
-13.9119853973 
1.4233371019 
11.3566598892 
20.1724910736 
17.8966102600 
23.5750579834 
32.8570899963 
14.4487352371 
-9.7236537933 
-13.1997041702 
-8.3919725418 
-27.3331260681 
-51.9584236145 
-36.6203994751 
-19.8873748779 
-20.9412422180 
-8.0876445770 
2.2462656498 
19.5418148041 
20.7086505890 
-19.7095184326 
7.3258790970 
57.8719978333 
-4.0885119438 
-52.3628578186 
-23.0571384430 
-20.1173973083 
-16.6460876465 
-0.2038187981 
0.5172584057 
11.7051010132 
16.2820587158 
29.3726730347 
25.7412281036 
-28.3252410889 
19.0618000031 
100.2256317139 
-0.7978103161 
-81.1638488770 
-21.9253234863 
-19.3839130402 
-21.0741806030 
20.6798629761 
-2.0868334770 
-11.8956661224 
11.1864585876 
-0.9608176351 
0.6286790371 
3.4667944908 
-14.7650089264 
-20.3972740173 
-6.0751490593 
29.4447650909 
7.1967039108 
-43.6393203735 
19.6476802826 
61.9835853577 
-17.7063446045 
-55.9774551392 
-37.3882293701 
-29.8571128845 
-50.6342849731 
-87.0980682373 
-26.5274353027 
43.4709777832 
-41.7763137817 
-102.5115203857 
-17.0440597534 
28.7042694092 
-39.2442703247 
-65.4605636597 
-17.5211467743 
-27.7799644470 
-5.7018728256 
67.2556457520 
