-35.7539367676 
-48.7828025818 
-59.9465942383 
-95.8354263306 
-14.1977939606 
85.7800674438 
-26.7843856812 
-74.5804290771 
33.9917602539 
31.1278076172 
9.7912702560 
22.6898269653 
-16.7666931152 
-17.7433891296 
-10.3907699585 
-13.3993644714 
11.5972003937 
10.5869560242 
26.1817798615 
33.2203750610 
16.7345657349 
36.7442016602 
-13.4636764526 
-45.2362365723 
9.3303031921 
-21.8477344513 
32.5138206482 
115.6680221558 
-65.2654037476 
-136.1694030762 
5.8182096481 
-9.7444353104 
-34.1197204590 
-1.1707856655 
-57.4120979309 
-58.7548446655 
-24.3220901489 
-30.7570190430 
-15.2946834564 
-17.3749523163 
-3.1385753155 
21.2860889435 
-12.1895790100 
-8.8460683823 
15.9488983154 
6.8324604034 
28.9110794067 
36.2673339844 
11.7019538879 
12.0646352768 
14.4119338989 
11.5789861679 
-3.6093463898 
-17.6509132385 
-5.4447040558 
-12.3673000336 
-0.2865283489 
28.7132740021 
-20.0171318054 
-29.8374862671 
46.2656097412 
41.3280639648 
6.2310018539 
14.5515136719 
-28.0662555695 
-47.6325492859 
13.7465267181 
20.1724376678 
-17.5900154114 
-6.7289729118 
6.9214363098 
3.8702607155 
13.4274845123 
13.2112636566 
0.0345802307 
-3.5493021011 
1.2173149586 
-1.2233002186 
-14.5644178391 
-16.0534477234 
-9.8241901398 
-12.0263967514 
-2.2144446373 
2.9484076500 
-11.3014955521 
-8.5998878479 
-0.0337052345 
-1.2189607620 
1.5587555170 
2.3744859695 
13.5927734375 
19.1479606628 
4.8655366898 
10.1629180908 
5.8997535706 
-4.2268199921 
31.8028831482 
30.8856010437 
-12.8720569611 
-3.6700592041 
7.1416702271 
-1.6715378761 
13.3961687088 
9.9485130310 
-4.8469548225 
-0.5369369984 
-0.9262691736 
-1.1876001358 
-1.3189005852 
-3.2266077995 
1.3389897346 
0.0274488926 
3.3371787071 
6.2264666557 
-3.4865570068 
-0.8668903112 
0.6332080364 
-4.5228276253 
5.2903862000 
3.3439817429 
-6.3297863007 
0.5927915573 
3.6595592499 
4.8451719284 
7.7620029449 
4.6388082504 
7.8720850945 
5.6959648132 
-4.5859184265 
-1.9930238724 
1.8481521606 
-0.2286451757 
1.6587586403 
1.2667658329 
-2.1172518730 
0.1120637655 
5.8089666367 
6.0564002991 
3.3765573502 
4.7188076973 
4.1812477112 
2.3180069923 
3.1785836220 
1.9222548008 
2.3668689728 
3.6369955540 
1.3251072168 
2.4600970745 
4.0566182137 
1.7668626308 
0.1529818773 
-0.0738837719 
1.4901964664 
1.7079926729 
1.0576901436 
2.0385823250 
-0.3866579533 
-0.2868497372 
2.7713894844 
0.7320892215 
1.5274494886 
2.1864919662 
-1.1130603552 
0.9555076361 
1.0874197483 
0.0412511826 
3.5908505917 
1.7650222778 
0.2789657116 
2.2331137657 
1.0505530834 
1.7438700199 
1.0078607798 
0.2957491875 
3.6143729687 
1.7487435341 
0.6352549791 
2.3946716785 
0.0046848059 
1.1294620037 
2.2973809242 
0.2068074048 
1.3457603455 
0.6715795994 
0.4484317303 
1.6973009109 
-0.5440578461 
0.7412141562 
2.2317090034 
0.1351051331 
0.6994777322 
0.5759057999 
0.7922544479 
1.6867961884 
-0.1609880924 
0.9623086452 
1.6906776428 
0.2153784633 
1.4400966167 
0.8141602278 
0.6507415771 
1.5983018875 
-0.2061796188 
0.7807598114 
1.1682868004 
-0.0062966347 
1.9747736454 
0.8216181397 
-0.1527215242 
1.5385656357 
0.1795034409 
0.7828569412 
1.5146045685 
0.0324888229 
1.2032580376 
0.8039665222 
0.4128429890 
1.6096544266 
0.3059052825 
0.8668987751 
1.2253780365 
0.0615540147 
1.4359345436 
0.7329492569 
0.2563009262 
1.4620561600 
0.1454906464 
0.7492322922 
1.0299097300 
-0.0017223358 
1.6284540892 
0.5122270584 
-0.4203211069 
1.1439268589 
0.0157170296 
0.3803417683 
0.7906582355 
-0.1875991821 
1.3308204412 
0.5020523071 
-0.2499182224 
1.1954698563 
0.1136832237 
0.4242532253 
0.6512022018 
0.0757431984 
2.0555257797 
0.7719421387 
-0.1741806865 
1.6086387634 
0.0932085514 
0.6766827106 
1.6419458389 
-0.4916462898 
0.3889380991 
0.3909730911 
-0.2669076920 
1.3500185013 
0.4607834816 
0.7330188751 
1.5876567364 
-0.0948166847 
0.5981369019 
0.8218336105 
0.2641744614 
1.5934641361 
1.0689432621 
0.6974902153 
0.7442021370 
0.3125114441 
1.4247702360 
0.5109949112 
-0.0599288940 
1.0772020817 
-0.1434764862 
0.6549829245 
1.5422992706 
-0.3915934563 
0.2159497738 
0.3503934145 
-0.2968723774 
0.7946798801 
0.1453266144 
0.1454524994 
0.6031360626 
0.0171327591 
1.0013012886 
0.3923301697 
-0.2563333511 
0.8863933086 
0.0528836250 
0.2694978714 
0.8315272331 
0.0346069336 
0.9366331100 
0.5333285332 
0.0123709440 
0.7021722794 
-0.3770482540 
0.4030420780 
1.0959463120 
-0.1245381832 
0.8137450218 
0.5060794353 
-0.0669431686 
0.6560561657 
-0.5138111115 
0.4685578346 
1.2904416323 
-0.4305491447 
0.4660110474 
0.3743560314 
-0.3912889957 
0.6716990471 
-0.2849574089 
0.1366448402 
0.9556732178 
-0.4196000099 
0.4858280420 
0.4203543663 
-0.3744659424 
0.9301753044 
0.1653752327 
0.0309643745 
0.7718546391 
-0.1238613129 
0.6511343718 
0.6180551052 
-0.0293363333 
0.6797541380 
-0.2072112560 
0.2235492468 
0.8782054782 
-0.2984626293 
0.5640604496 
0.3418865204 
-0.3656930923 
0.7677261829 
-0.0778706074 
0.1550641060 
0.8949625492 
-0.3451592922 
0.4682316780 
0.3906722069 
-0.3723438978 
0.7778745890 
-0.0031733513 
0.0378189087 
0.7791399956 
-0.2767758369 
0.4984393120 
0.2379379272 
-0.5615882874 
0.8300013542 
0.0647397041 
-0.0928837061 
0.7969577312 
-0.3126678467 
0.3857924938 
0.7272465229 
-0.0873835087 
0.5304135084 
-0.1491107941 
0.0691912174 
0.7709434032 
-0.2654137611 
0.4974728823 
0.2540645599 
-0.5797634125 
0.8433456421 
0.0065149069 
-0.5451896191 
0.3511278629 
-0.5023889542 
0.1379258633 
0.4560347795 
-0.3378812075 
0.4480330944 
-0.1488685608 
-0.2979304790 
0.4732909203 
-0.4067504406 
0.1982007027 
0.5589053631 
-0.2128252983 
0.2964005470 
-0.2024190426 
-0.2101773024 
0.3844876289 
-0.1655741930 
0.3318935931 
-0.2333822250 
-0.7506468296 
0.5628837347 
-0.1695146561 
-0.1973102689 
0.5882859230 
-0.4659905434 
0.2020306587 
0.3749547005 
-0.4048729539 
0.4995131493 
-0.0437866747 
-0.1150052547 
0.6613110304 
-0.0478808880 
0.4732217789 
0.2018074989 
-0.4451122284 
0.6299448013 
-0.0987911224 
-0.0922441483 
0.6106467247 
-0.5324258804 
0.1675014496 
0.2163040042 
-0.5676698685 
0.6145100594 
-0.1468150616 
-0.4500713348 
0.4002729654 
-0.6785163879 
-0.0161142349 
0.3225851059 
-0.5380764008 
0.4820957184 
-0.1051640511 
-0.4592685699 
0.4350442886 
-0.4354143143 
0.0909296870 
0.3352727890 
-0.4525270462 
0.5567617416 
0.0057381392 
-0.2884631157 
0.5618085861 
-0.4563031197 
0.0866564512 
0.4853377044 
-0.4634175301 
0.4335536957 
-0.0521497726 
-0.5533390045 
0.4316465855 
-0.2328548431 
0.0556657314 
0.3369483948 
-0.5012378693 
0.1739820838 
-0.1069984436 
-0.2507781982 
0.4881219864 
-0.2680084705 
0.0777130127 
0.1586914063 
-0.5124711990 
0.4158010483 
-0.0627741814 
-0.2819652557 
0.4647836685 
-0.5011911392 
-0.0531529784 
0.2657151222 
-0.6205966473 
0.1291356087 
-0.1551971436 
-0.2868194580 
0.4116992950 
-0.4913291931 
-0.0893516541 
0.0970230103 
-0.6532030106 
0.2474937439 
-0.1266800165 
-0.2403354645 
0.4879741669 
-0.5125987530 
0.0287854671 
0.3180828094 
-0.5403137207 
0.4099655151 
-0.0575809479 
-0.3415966034 
0.5321149826 
-0.4556465149 
0.0912518501 
0.5589084625 
-0.5206665993 
0.2290344238 
-0.1085872650 
-0.4883680344 
0.3701500893 
-0.4668607712 
-0.1297874451 
0.1901702881 
-0.6553974152 
0.1925468445 
-0.2066822052 
-0.4968201518 
0.2401790619 
-0.8681545258 
-0.1344890594 
0.5779752731 
-0.6745877266 
0.1231651306 
-0.0634226799 
-0.6269025803 
0.4881019592 
-0.1738739014 
-0.1817963123 
0.1757898331 
-0.6801185608 
0.0676460266 
-0.0992946625 
-0.4964370728 
0.4033775330 
-0.3305587769 
-0.2251930237 
0.1389770508 
-0.7385330200 
-0.0698852539 
-0.0371103287 
-0.1548976898 
0.4021959305 
-0.5091094971 
0.0655388832 
0.4848699570 
-0.5225739479 
0.3240218163 
-0.0933589935 
-0.6500606537 
0.5422353745 
-0.1087799072 
-0.1022429466 
0.2675476074 
-0.5586185455 
0.1690692902 
-0.1439895630 
-0.6174697876 
0.3402633667 
-0.3648757935 
-0.1307954788 
0.3716669083 
-0.5330276489 
0.1702053547 
0.0212936401 
-0.4227085114 
0.3419313431 
-0.4260749817 
-0.1469707489 
0.3038768768 
-0.5417666435 
0.2397174835 
-0.1217036247 
-0.6542043686 
0.2946777344 
-0.4821925163 
-0.2435407639 
0.2646560669 
-0.6050496101 
0.2405424118 
-0.1764750481 
-0.7974233627 
0.4795378447 
-0.2175598145 
-0.2467222214 
0.3290081024 
-0.6520669460 
-0.0049915314 
-0.0600509644 
-0.6342239380 
0.2030677795 
-0.4968795776 
-0.3792753220 
0.1632189751 
-0.7049083710 
-0.0085754395 
-0.1744346619 
-0.7280941010 
0.1745948792 
-0.4945654869 
-0.3404245377 
0.2078680992 
-0.4859271049 
0.3033905029 
-0.2395143509 
-0.8783875704 
0.3849355578 
-0.3743107319 
-0.3556814194 
0.2840166092 
-0.7113547325 
0.0017976761 
-0.1977529526 
-0.8730654716 
0.3016605377 
-0.3835091591 
-0.3724322319 
0.3552675247 
-0.7206996679 
-0.0718976259 
0.0691056252 
-0.6177282333 
0.2366001606 
-0.3670983315 
-0.3182759285 
0.3432283401 
-0.5077905655 
0.1052484512 
-0.1456947327 
-0.8703980446 
0.1881639957 
-0.4493565559 
-0.4909944534 
0.2617664337 
-0.3978724480 
0.2691755295 
-0.1396507025 
-0.8377013206 
0.3409290016 
-0.4033719301 
-0.2223340869 
0.6354043484 
-0.7387385368 
-0.0159239769 
0.4730700254 
-0.4843884706 
0.1098358631 
-0.5144982338 
-0.5910241604 
0.1710095406 
-0.6474180222 
-0.0135073662 
0.0554721355 
-0.7218451500 
0.0945227146 
-0.5328693390 
-0.6622300148 
0.0959384441 
-0.4958088398 
0.1078749299 
-0.1130626202 
-0.7291939259 
0.1476259232 
-0.5562989712 
-0.1448187828 
0.4452401400 
-1.1608483791 
-0.3625085354 
-0.0515538454 
-0.9775152206 
0.0280201435 
-0.5807822943 
-0.6603827477 
0.1892461181 
-0.9059934616 
-0.2783787251 
-0.0799180269 
-0.9670258164 
-0.0294852257 
-0.5547712445 
-0.5138176680 
0.3670551777 
-0.6822946072 
-0.0457445383 
0.0768797398 
-0.8591690063 
0.0579774380 
-0.5517890453 
-0.5089408159 
0.3510655761 
-0.8849052191 
-0.1352128983 
0.2203648984 
-0.8330996037 
0.0434687138 
-0.5659313202 
-0.6786839962 
0.2116463184 
-1.0372240543 
-0.2831168175 
0.3270480633 
-0.8185527325 
-0.1650160551 
-0.5942969322 
-0.6385614872 
0.1591596603 
-1.0008302927 
-0.3124973774 
0.0302652121 
-0.9368174076 
0.2348841429 
-0.4062704742 
-1.0016350746 
0.1435473263 
-0.6683876514 
-0.2912874222 
0.0781593323 
-0.9361425638 
-0.1354743242 
-0.4965057373 
-0.8621677756 
0.1128454208 
-0.4629516602 
-0.3076421618 
-0.4858024120 
-1.0527579784 
0.0861635208 
-0.4422286153 
-0.4989898205 
0.2686804533 
-0.8777408600 
-0.3177862167 
-0.1811189651 
-0.9465560913 
0.2970509529 
-0.2691235542 
-0.4718654752 
0.3326691985 
-0.9130834341 
-0.4498834610 
-0.4502210617 
-1.1558580399 
0.4304370880 
-0.3624734879 
-0.8100628853 
0.2776031494 
-1.0137279034 
-0.6122121811 
-0.5306554437 
-1.3793470860 
0.3216829300 
-0.5027808547 
-1.0830087662 
0.3498849869 
-0.9545488358 
-0.5007143021 
0.0132350922 
-1.3852891922 
-0.1816114187 
-0.4924488068 
-0.9291898012 
0.5668783188 
-0.3607882261 
-0.1363279819 
0.1390919685 
-1.0176098347 
0.1214182377 
-0.3388967514 
-0.6608442068 
0.4935922623 
-0.8217833042 
-0.1946325302 
0.1859965324 
-1.1510031223 
0.3672933578 
-0.8713498116 
-2.2917127609 
-0.0068731308 
-0.7219330668 
-0.9371528625 
-0.0715076923 
-1.5680105686 
-0.9161691666 
-0.3303294182 
-0.4733265340 
0.2272863388 
-0.9585065842 
-0.6571416855 
-0.2215714455 
-1.4668750763 
-0.4392521381 
-0.5852408409 
-1.0301818848 
0.0471696854 
-1.0077867508 
-0.9962875843 
-0.8954274654 
-1.4697260857 
0.1591076851 
-0.8757667542 
-1.5430039167 
0.1527366638 
-1.1795463562 
-0.5906798840 
0.3337783813 
-1.5973523855 
-0.6378440857 
-0.3897671700 
-0.8683817387 
0.1792448759 
-1.1411883831 
-0.5398008823 
0.2972927094 
-1.6080722809 
-0.6833934784 
-0.5320711136 
-1.1743521690 
-0.0314445496 
-1.1414175034 
-0.8024952412 
-0.0202260017 
-1.2565546036 
-0.0305323601 
-0.2041435242 
-0.8969182968 
0.3363623619 
-0.8828850985 
-0.6134424210 
0.0816643238 
-1.0578210354 
0.3037948608 
-0.3289401531 
-1.2743687630 
0.3158047199 
-1.0039429665 
-1.0290901661 
-0.2754449844 
-1.5125017166 
-0.1568363905 
-0.4459462166 
-1.2482175827 
0.3987100124 
-0.7034647465 
-1.0128874779 
-0.5286688805 
-0.8984656334 
0.6158866882 
-0.7952380180 
-1.4922212362 
0.0989623070 
-1.6735382080 
-0.1976275444 
0.8888630867 
-2.1821322441 
-0.8429987431 
-0.6559057236 
-1.6469355822 
-0.0400164127 
-1.4938775301 
-0.2013434172 
1.1387984753 
-2.1684241295 
-0.9324470162 
-0.2779138088 
-1.5167028904 
0.0670161247 
-1.2394213676 
-0.3919317722 
0.9313380718 
-2.3806252480 
-1.3250114918 
-0.6696412563 
-2.1920857430 
0.0081925392 
-0.7405432463 
-1.3321317434 
0.0734238625 
-1.0838489532 
-0.3352913857 
-0.6862282753 
-1.8237905502 
-1.0131120682 
-2.0883693695 
0.4591736794 
1.8315215111 
-2.1391220093 
-1.0592367649 
-0.8284654617 
-2.7555162907 
-1.8971245289 
-3.1038758755 
0.1940168142 
2.1702880859 
-3.1357190609 
-1.1806080341 
-0.2090928555 
-3.0435929298 
1.5449953079 
0.6766090393 
-3.1676177979 
-0.0223513842 
0.6153662205 
0.6576268673 
1.2545337677 
-0.3387329578 
-0.1393829584 
0.2588261366 
2.5639693737 
4.4039001465 
2.2959444523 
1.9699544907 
0.5417230129 
-2.8161787987 
-6.3655881882 
-7.2855048180 
1.2648576498 
2.7654404640 
-3.0440807343 
2.5894880295 
2.3003182411 
0.6363365650 
11.7318983078 
7.8403778076 
-2.1623067856 
1.6053326130 
1.7701904774 
-1.1987295151 
-5.9356713295 
-8.2661304474 
2.3342616558 
1.5124015808 
-8.2722301483 
-0.4599092305 
4.5989074707 
-1.5035415888 
-0.9980727434 
-5.2159919739 
-15.4647884369 
-6.9669785500 
9.0816736221 
9.0035076141 
10.0705308914 
7.5013604164 
-14.2458257675 
-15.8186073303 
-1.8478562832 
-10.3385839462 
-13.3307418823 
-2.7255842686 
4.4708995819 
2.6886787415 
-23.2008361816 
-23.5306663513 
9.3158397675 
-11.4412727356 
-40.9147415161 
-10.8272228241 
10.3513984680 
6.7473020554 
8.3000936508 
-0.8054772019 
-9.9752092361 
-11.0675592422 
-13.1231870651 
-3.6882081032 
11.9131584167 
11.5642824173 
1.8382775784 
1.2493196726 
-1.4340105057 
-14.3635997772 
-23.2925949097 
-22.6554603577 
-5.5913038254 
-7.8518238068 
-41.3472747803 
-2.9392588139 
66.2611389160 
32.4314346313 
-1.0468285084 
29.3136062622 
26.1424064636 
10.8955526352 
2.4723427296 
-15.4327831268 
-8.1051712036 
-11.1045608521 
-18.8689422607 
11.8859367371 
25.4294681549 
19.1871452332 
18.3049659729 
-1.5190362930 
-9.8657035828 
-5.2193546295 
-13.1934471130 
24.3926277161 
88.0473175049 
47.5650711060 
-33.5722770691 
17.1581497192 
71.1249771118 
-8.9369268417 
-43.6661949158 
2.7209153175 
17.0547771454 
23.5888881683 
3.1023638248 
3.3968646526 
41.4158325195 
-38.6504287720 
-97.7508544922 
-32.5488891602 
-34.0493469238 
5.9512376785 
92.5353698730 
8.0394229889 
-50.9878082275 
-9.2001991272 
-36.1842727661 
-18.5014858246 
31.3012199402 
-5.2443513870 
-18.2233390808 
16.6443023682 
28.6542663574 
-9.3471031189 
-60.3808631897 
-29.7931041718 
0.4919846654 
-51.1352539063 
-62.9613571167 
-29.6430568695 
-26.2702178955 
-4.0882906914 
32.8007698059 
8.7092018127 
-18.4401283264 
33.8725929260 
55.5495758057 
-1.8158094883 
-26.5460662842 
