75.7950897217 
-62.7160644531 
-120.6975631714 
-41.1796150208 
-75.7340393066 
-15.4574203491 
70.9105224609 
-24.3593750000 
-24.7547950745 
3.2166395187 
-59.3978118896 
10.9054784775 
42.0846252441 
-36.4384002686 
-12.2549114227 
-5.5713710785 
-15.1780633926 
48.8185577393 
49.1407737732 
15.8501691818 
-5.6272120476 
-40.5062637329 
-40.0198516846 
-69.2399597168 
-88.2718353271 
4.3774757385 
53.2303771973 
-7.5542631149 
-34.0170898438 
13.8013839722 
26.9286022186 
-43.5731506348 
-59.4444961548 
4.8392882347 
16.7039604187 
19.7811603546 
40.2698059082 
-2.2747602463 
-29.5445480347 
8.1814222336 
12.1301345825 
-25.5433349609 
-28.1857872009 
-11.2947044373 
-18.6306095123 
-6.4210748672 
8.4182968140 
-16.2777976990 
-7.3976116180 
15.4151763916 
10.4529037476 
34.0959625244 
33.4508514404 
5.0766820908 
7.1548337936 
-8.4760313034 
-5.7573270798 
3.6828749180 
-15.6831159592 
37.7887916565 
46.6254577637 
-44.6228179932 
-46.2216110229 
-48.6854667664 
-73.6823272705 
10.8988933563 
32.2344665527 
-18.0803966522 
0.6372883320 
-5.1591358185 
-17.3482933044 
-0.9629440904 
-10.3544387817 
10.4315309525 
24.5886726379 
5.6111850739 
16.2698135376 
4.7918195724 
-9.8898792267 
10.0282449722 
0.0244826078 
-7.3072972298 
1.0292481184 
-13.9561176300 
-12.8047008514 
0.4803632498 
-2.6797802448 
-10.7434959412 
-9.9942350388 
7.3227634430 
11.0242538452 
4.9740734100 
9.0576982498 
-7.9102096558 
-15.6603012085 
5.3576335907 
3.1998562813 
-8.9475269318 
-2.2419013977 
10.8167896271 
9.6142330170 
-11.0100841522 
-15.4822273254 
-11.8978271484 
-17.2464218140 
-3.0424702168 
3.4363889694 
-2.1866314411 
6.4582414627 
0.0540260077 
-3.8517696857 
2.6437683105 
-4.7464480400 
4.4747343063 
8.0614318848 
-4.9809393883 
3.3407409191 
-1.4666138887 
-6.7379879951 
9.8889245987 
1.1528031826 
-3.3611321449 
2.7868909836 
-14.2459144592 
-9.4089164734 
5.2662105560 
-2.7736067772 
-3.0197360516 
-2.6324939728 
-3.9813449383 
0.5258632302 
-2.5508482456 
-1.1201753616 
-0.7939199209 
-5.0258426666 
0.3509184122 
-1.5295419693 
-5.2288208008 
0.0396910906 
0.8165538907 
1.6283080578 
-0.9295003414 
-3.6203966141 
1.3271024227 
-1.6875417233 
-2.6579666138 
1.2419328690 
-2.6559329033 
0.1910142899 
2.0310034752 
-1.7457334995 
2.1204872131 
-0.6486535668 
-4.6090917587 
-0.8893400431 
-1.9577767849 
-0.9641690254 
-0.4111866653 
-2.4850125313 
0.5018661022 
-1.1973066330 
-1.5503317118 
0.4219377041 
-4.2338523865 
-2.0012350082 
0.3393931389 
-2.6441278458 
0.2874579430 
-0.8750104904 
-1.8278529644 
0.6110053062 
-3.6472520828 
-1.8644009829 
1.2456309795 
-2.4671411514 
-1.0466629267 
-1.2256793976 
-2.1560158730 
0.4015874863 
-1.7107216120 
-0.8397399187 
0.4355437756 
-2.0751643181 
-0.1539988518 
-0.9191589355 
-1.9388508797 
0.2156429291 
-1.9600629807 
-1.1070351601 
-0.1187310219 
-2.1440234184 
0.2906796932 
-0.6036629677 
-1.7766511440 
0.4489369392 
-1.6576964855 
-0.9704356194 
-0.0559625626 
-2.0595293045 
0.1772465706 
-0.6164705753 
-1.4097908735 
0.4967339039 
-2.2589721680 
-1.0077042580 
0.7597315311 
-1.9938333035 
-0.4089314938 
-0.7923698425 
-1.7856211662 
0.1815326214 
-1.9186217785 
-1.0756173134 
0.2000892162 
-1.9449229240 
0.3253889084 
-0.6605763435 
-2.6756191254 
0.1844739914 
-1.0648288727 
-1.1001439095 
0.3046102524 
-1.9803156853 
-0.9171512127 
-0.6630291939 
-1.4597827196 
0.2848615348 
-1.0640233755 
-0.8065878153 
0.1222511530 
-1.5975456238 
-0.1240372062 
-0.6008733511 
-1.8039259911 
-0.0202031136 
-1.4540218115 
-1.1906313896 
0.0241270065 
-1.7278680801 
-0.5049962997 
-0.2964417934 
-0.8526844978 
0.2409591675 
-1.6257221699 
-0.8895950317 
0.3278541267 
-1.6702013016 
-0.3092794418 
-0.4053912163 
-1.4127883911 
0.2843008041 
-1.0274629593 
-0.9890294075 
-0.2900495529 
-1.6556348801 
0.1067029238 
-0.8773813248 
-2.4457502365 
0.1920511723 
-0.7041749954 
-0.8248853683 
0.5451600552 
-1.2781152725 
-0.3189992905 
-0.0480213165 
-1.2340085506 
0.2875001431 
-0.7138071060 
-1.1259117126 
-0.2171559334 
-1.5206286907 
-0.4465663433 
-0.4114372730 
-1.5690517426 
0.0508532524 
-0.6713581085 
-1.5018569231 
-0.9411497116 
-1.3032174110 
0.0721473694 
-0.2858257294 
-1.1264474392 
0.1887383461 
-1.0180854797 
-0.9703669548 
-0.0713829994 
-1.4552659988 
-0.3762674332 
-0.2135820389 
-1.0264613628 
0.1791272163 
-0.9013233185 
-0.9622404575 
-0.1749852300 
-1.4559426308 
-0.4494001865 
-0.4168522358 
-1.1927089691 
0.0478849411 
-0.9305570126 
-0.7576458454 
0.1353819370 
-1.1746368408 
-0.1783821583 
-0.3639069796 
-1.3782372475 
0.1027469635 
-0.7937035561 
-0.9989662170 
-0.0610377789 
-1.1783612967 
-0.2602367401 
-0.1300925016 
-0.9612616897 
-0.0085330009 
-1.0560564995 
-0.7951335907 
0.1378917694 
-1.5183663368 
-0.7058568001 
-0.1969661713 
-0.9703369141 
-0.1425254345 
-1.0200129747 
-0.6747012138 
0.2078130245 
-1.2813136578 
-0.4503231049 
-0.3362045288 
-1.2444448471 
-0.0269522667 
-0.8345944881 
-0.8245439529 
0.1010587215 
-1.2074013948 
-0.4164458513 
-0.2725641727 
-1.1807799339 
0.0421686172 
-0.7043833733 
-0.8703610897 
-0.0068153143 
-1.1575130224 
-0.4578515291 
-0.3944537640 
-1.2387936115 
-0.1065492630 
-0.7937083244 
-0.6880431175 
0.1891916990 
-1.0850042105 
-0.3836755753 
-0.4170029759 
-1.3267531395 
0.0180490017 
-0.6252005100 
-0.7307720184 
0.2057707310 
-0.8453660607 
-0.1955982447 
-0.4842143059 
-1.4489663839 
0.0371829271 
-0.7052822113 
-0.9280599356 
0.0798685551 
-1.1350629330 
-0.4726598263 
-0.3692719936 
-1.3414087296 
-0.0566917658 
-0.7082357407 
-0.7707402706 
0.2720092535 
-1.1312448978 
-0.4177303314 
-0.0051267147 
-1.0860066414 
0.1815745831 
-0.4622213840 
-1.1476640701 
-0.1429963112 
-1.0068907738 
-0.5574285984 
-0.4254491925 
-1.3165756464 
-0.1058124900 
-0.6169514060 
-0.8740361929 
0.1276589632 
-1.0392615795 
-0.5382698178 
-0.0491062403 
-1.0716459751 
-0.3427751064 
-0.6963524818 
-0.5833373070 
0.2807734013 
-0.9217948914 
-0.3837218285 
-0.2772607803 
-1.2953847647 
-0.1143555641 
-0.7221941948 
-1.0638729334 
0.0021384358 
-1.0512950420 
-0.4641462564 
-0.0469784737 
-1.0537422895 
-0.0572606921 
-0.5814580321 
-0.8187744021 
0.1134587228 
-1.2010161877 
-0.5579370856 
0.0514864922 
-1.0538802147 
0.0586442947 
-0.4691443443 
-1.1926136017 
-0.0669555664 
-0.9352045059 
-0.5713088512 
-0.0543479919 
-1.0675902367 
-0.1021499634 
-0.4808115959 
-1.0591177940 
-0.0025335550 
-0.8815109730 
-0.5870444775 
-0.0317325592 
-1.1044554710 
-0.3870086670 
-0.5791218281 
-0.9423017502 
0.0518651009 
-0.6440153122 
-0.4100680351 
-0.2043285370 
-1.0836204290 
-0.1470344067 
-0.5860843658 
-1.0403079987 
-0.0442867279 
-0.8897838593 
-0.5046787262 
-0.0188312531 
-0.9877195358 
-0.1938791275 
-0.5325975418 
-0.9038753510 
-0.0732030869 
-1.1213588715 
-0.6235761642 
-0.0105786324 
-0.9938845634 
0.0171089172 
-0.3798422813 
-1.1088409424 
0.0077724457 
-0.7743959427 
-0.5985212326 
-0.0443954468 
-1.0526752472 
-0.2390518188 
-0.4525413513 
-1.0243611336 
0.0119991302 
-0.7823381424 
-0.5696840286 
0.0891704559 
-1.0279998779 
-0.4055900574 
-0.4641742706 
-1.0349636078 
-0.0281875134 
-0.5732460022 
-0.6142458916 
-0.2688493729 
-1.0301280022 
-0.2595599890 
-0.4465036392 
-0.9095546603 
-0.0004544258 
-0.7022075653 
-0.5246747136 
-0.0240764618 
-0.8996381760 
-0.2115173340 
-0.3844909668 
-0.8917369843 
-0.1291522980 
-0.9021224976 
-0.7455768585 
-0.3261737823 
-0.9860582352 
0.0327329636 
-0.3844738007 
-1.1052474976 
0.0143880509 
-0.6803665161 
-0.6684732437 
-0.1162185669 
-0.9614362717 
-0.1896171570 
-0.2564201355 
-0.7532539368 
0.0601530075 
-0.8263435364 
-0.5999732018 
0.0705718994 
-1.1181716919 
-0.5355606079 
-0.4414520264 
-0.9995079041 
-0.0937595367 
-0.6854438782 
-0.7021541595 
-0.1618690491 
-0.8817462921 
-0.1436748505 
-0.2293729782 
-0.7950115204 
0.0286159515 
-0.7067718506 
-0.6538069248 
-0.0586862564 
-0.9928340912 
-0.4097175598 
-0.2518301010 
-0.6720490456 
-0.1704940796 
-1.0166683197 
-0.6556358337 
0.0108680725 
-0.9973270893 
-0.3150234222 
-0.2254209518 
-0.7478733063 
-0.0563111305 
-0.8291263580 
-0.6498718262 
-0.0499172211 
-0.9323596954 
-0.1758384705 
-0.2804965973 
-0.9161586761 
0.0373663902 
-0.6625051498 
-0.6960217953 
-0.1052951813 
-0.9619235992 
-0.2597541809 
-0.3137335777 
-0.9280033112 
-0.0012640953 
-0.6776945591 
-0.6487550735 
-0.0117225647 
-0.9450020790 
-0.2922458649 
-0.2928066254 
-0.9465770721 
-0.0373377800 
-0.6689224243 
-0.7313537598 
-0.1205396652 
-0.8396279812 
-0.0991888046 
-0.3419532776 
-1.0571746826 
0.1712131500 
-0.4281616211 
-0.7783622742 
-0.1845703125 
-0.8504929543 
-0.2108821869 
-0.4302349091 
-1.1028530598 
-0.0022053719 
-0.6128110886 
-0.6609949470 
0.0672492981 
-0.9024925232 
-0.3058881760 
-0.1907138824 
-0.8950691223 
-0.0448868275 
-0.6579213142 
-0.6812505722 
0.0103279352 
-0.9066386223 
-0.2757784128 
-0.2652626038 
-0.9717502594 
0.0957235098 
-0.4924108982 
-0.6892776489 
0.0145540237 
-0.8842785358 
-0.3318443298 
-0.2712278366 
-0.9684438705 
-0.0599195957 
-0.6425380707 
-0.5681884289 
0.1693390608 
-1.0258657932 
-0.4622398615 
-0.1471962929 
-0.8905711174 
-0.1618576050 
-0.7168426514 
-0.4061408043 
0.3532915115 
-1.1509501934 
-0.5254889727 
0.0122487545 
-0.8587164879 
0.0155063868 
-0.4869425297 
-0.7113351822 
0.0545945168 
-0.9763288498 
-0.4933264256 
-0.3276886940 
-1.1575658321 
-0.0308071375 
-0.5172419548 
-0.8480625153 
0.0861356258 
-0.8715370893 
-0.3719139099 
0.1899805069 
-0.6827511787 
-0.1101396084 
-0.5313038826 
-0.5982854366 
0.1000641584 
-0.9898331165 
-0.5019286275 
-0.2133429050 
-1.0389485359 
0.0222404897 
-0.4098165035 
-0.9093747139 
-0.0237608552 
-0.6017243862 
-0.2800451517 
-0.4129768014 
-1.1030104160 
0.1684488058 
-0.3490179777 
-0.7104441524 
0.2166070938 
-0.7435922623 
-0.3298809528 
-0.0924367905 
-1.0166845322 
-0.0195679665 
-0.5174239278 
-0.8947753906 
0.0316776633 
-0.9788926840 
-0.4917148650 
-0.0512359142 
-0.9765610695 
0.1620009243 
-0.2959100008 
-1.0285212994 
0.0560705066 
-0.6409722567 
-0.4151952267 
-0.0476980209 
-0.9996452332 
-0.1737527847 
-0.4963699579 
-0.9567699432 
0.0296721458 
-0.6878407001 
-0.3981943130 
-0.0506793261 
-0.9293156862 
0.0139057636 
-0.3487552404 
-0.9621187449 
0.0438861847 
-0.6036400795 
-0.5007925034 
-0.2504392862 
-1.0969041586 
-0.3256170750 
-0.4767327309 
-0.5180215836 
0.3000183105 
-0.7770972252 
-0.3533315659 
0.0825195313 
-1.0189070702 
-0.2399191856 
-0.5239157677 
-0.8630015850 
0.1643986702 
-0.6065328121 
-0.2535872459 
0.0375835896 
-0.8937048912 
0.1657228470 
-0.4610633850 
-1.2749104500 
-0.0733616352 
-0.8033388853 
-0.5074303150 
0.1444263458 
-0.8437132835 
0.0467588902 
-0.2206437588 
-0.9673421383 
0.1592464447 
-0.4851975441 
-0.5353085995 
-0.1521265507 
-1.0918688774 
-0.3567888737 
-0.4401192665 
-0.7498579025 
0.1500897408 
-0.7664852142 
-0.4408063889 
0.1902294159 
-0.9899382591 
-0.4042367935 
-0.4045557976 
-0.7070901394 
0.0954089165 
-0.8565865755 
-0.5090551376 
0.1035836935 
-1.0867397785 
-0.4788967371 
-0.5098190308 
-0.8463339210 
0.0239766836 
-0.7791333199 
-0.3868536949 
0.1873394251 
-0.7602791786 
0.0332498550 
-0.2634992599 
-0.6931982040 
-0.0314939022 
-1.3737053871 
-0.4456310272 
0.8258082867 
-0.9027290344 
-0.4509525597 
-0.1083745956 
-0.6235227585 
0.0166697502 
-0.9848279953 
-0.6358652115 
0.1422491074 
-0.8271746635 
0.2950811386 
-0.0038576126 
-1.0858553648 
0.5380678177 
0.0775499344 
-0.6986315250 
-0.3305273056 
-1.1205224991 
-0.5818006992 
-0.3642568588 
-0.6548891068 
-0.2857341766 
-1.3048021793 
-0.7667920589 
-0.0306673050 
-0.9594764709 
0.0058598518 
-0.0772969723 
-0.7240250111 
0.2304809093 
-0.5527820587 
-0.7095942497 
-0.3805942535 
-0.6862841845 
0.5707426071 
-0.2785010338 
-1.1147842407 
0.1381206512 
-0.8572900295 
-0.8192315102 
-0.2855472565 
-0.9073529243 
0.4567542076 
-0.4497594833 
-1.4124231339 
0.3468885422 
-0.6350810528 
-0.5236468315 
0.4535560608 
-0.9782655239 
-0.0891640782 
0.0310816765 
-0.8141138554 
0.2527101040 
-0.7197914124 
-0.6082792282 
0.2631328106 
-0.8642489910 
0.1419651508 
0.1138110161 
-0.6720769405 
0.2447947264 
-0.9796452522 
-0.4793243408 
0.5052971840 
-1.2470159531 
-0.2471606731 
0.1234627962 
-0.6531591415 
0.3452793360 
-0.8448848128 
-0.3942718506 
0.5631308556 
-1.5312442780 
-0.6098880768 
-0.0286841393 
-0.8226904869 
0.5550251007 
-0.2703857422 
-0.2851345539 
0.4953500032 
-1.0082812309 
-0.1892893314 
-0.7528240681 
-1.9271855354 
0.2521924973 
-0.4382505417 
-1.0148167610 
0.0595796108 
-0.5723123550 
0.4355771542 
-0.4688557386 
-1.5826162100 
0.3210370541 
-0.9365773201 
-0.4075319767 
1.0103840828 
-1.9980680943 
-0.9882477522 
0.5381878614 
-0.7130225897 
0.7459776402 
0.1910951138 
-0.5357465744 
0.4921479225 
0.0410933495 
0.8864430189 
-0.7162743807 
-1.9355702400 
0.7742239833 
-0.5519852638 
-0.4438664913 
1.0450642109 
-1.1205825806 
0.6368172169 
-1.0343470573 
-2.9709215164 
4.9465327263 
3.6780238152 
-3.1446180344 
-0.1589655876 
0.5903013945 
0.5294854641 
2.0957577229 
0.2839782238 
2.0873222351 
1.5935945511 
-1.7009686232 
0.0923795700 
-1.8851864338 
-2.7611293793 
1.4330904484 
-1.5277242661 
-3.6788384914 
-2.2939329147 
-7.1484947205 
-5.3080587387 
5.2217879295 
3.7194709778 
-4.8165440559 
-2.7560350895 
0.9531714320 
-1.1825526953 
0.5442878604 
1.2975261211 
-3.6556444168 
-1.9780737162 
4.0734386444 
2.2435863018 
-3.6290698051 
-1.2132332325 
8.2369966507 
7.4303145409 
-1.5117864609 
1.4924241304 
9.8815326691 
4.9764561653 
-6.1047716141 
-3.8780627251 
5.7878174782 
2.4475636482 
-4.1077499390 
-0.6699668765 
1.7205841541 
-0.0346901864 
-3.3761191368 
-3.4753508568 
0.6210070848 
-1.7378563881 
-0.7783163190 
0.8382889032 
-6.6019802094 
0.1049932837 
4.2743945122 
2.9112169743 
26.9871711731 
16.2729778290 
-25.4204692841 
-8.8873806000 
11.0018110275 
-7.8080072403 
-10.9316673279 
-11.4163856506 
-12.9492397308 
-6.1228680611 
-6.8560633659 
1.8743396997 
2.4104113579 
5.0099096298 
36.3341445923 
17.0165958405 
-29.1213989258 
-7.9217538834 
9.9132757187 
-11.7812004089 
-18.5422515869 
-16.0130882263 
-7.5087509155 
0.5339804888 
0.1172597408 
19.3061733246 
41.0777282715 
35.8141708374 
21.8641185760 
25.6097087860 
35.6471328735 
11.0270318985 
-19.0346603394 
-15.9091844559 
-19.9933490753 
-27.4313201904 
-24.9943370819 
-20.4544448853 
12.4273624420 
6.7126250267 
-38.2117500305 
12.8052406311 
66.9857788086 
14.3849983215 
-14.7081193924 
-7.8801546097 
-23.8325176239 
-21.5543842316 
-19.7517318726 
-20.8810997009 
-13.5992698669 
-9.6020431519 
27.1772994995 
10.8319883347 
-56.4153137207 
26.7457084656 
116.8141937256 
26.7673759460 
-20.1945667267 
5.9812602997 
-25.5290412903 
-11.8935356140 
18.4172935486 
-7.9745993614 
-1.4398232698 
11.1776390076 
2.4291410446 
15.8219833374 
16.4458274841 
-0.4748275876 
-18.9603919983 
-3.9402461052 
44.5581588745 
5.6559419632 
-39.9622573853 
42.7606658936 
85.8223037720 
34.4468765259 
12.0845489502 
19.0217094421 
31.1227073669 
-12.2470092773 
-73.3250808716 
-0.0113211013 
66.3369064331 
-24.7433242798 
-79.7828292847 
-5.1999902725 
29.7074546814 
-33.2928047180 
-47.5560836792 
-29.7888069153 
-74.3056640625 
-8.3552112579 
