-27.7065715790 
-63.4458694458 
-43.7308273315 
73.0342407227 
-12.1815338135 
-130.5006713867 
-55.6985435486 
-61.9158554077 
-51.0100708008 
66.7200698853 
6.6748576164 
-41.7895317078 
10.2504425049 
-48.3268661499 
-20.2830543518 
52.8361740112 
-19.8656330109 
-26.8089065552 
1.7387859821 
-21.6809787750 
31.1996746063 
58.2069778442 
22.2553520203 
2.8496782780 
-33.1335487366 
-41.6079940796 
-55.2056427002 
-94.1780776978 
-27.1045989990 
53.8460006714 
12.6960124969 
-36.1222763062 
-2.1208732128 
33.4970932007 
-21.5800437927 
-67.7157363892 
-12.2104129791 
19.6361083984 
14.0865764618 
39.0614356995 
14.4385766983 
-30.3410720825 
-3.6261072159 
18.1209449768 
-15.8425245285 
-32.3558349609 
-13.8268985748 
-15.9426136017 
-13.4914646149 
8.8431749344 
-9.0173931122 
-15.4231710434 
12.9691600800 
10.6593742371 
25.5543727875 
39.9397468567 
10.1749439240 
6.1717224121 
-2.3288950920 
-11.2638473511 
6.2080717087 
-14.2324218750 
16.9361648560 
60.0265808105 
-21.8631019592 
-55.1191406250 
-38.7465133667 
-76.7890319824 
-17.3281784058 
41.4603614807 
-9.3731632233 
-7.7321052551 
2.1402192116 
-19.1211013794 
-3.4499492645 
-7.7689094543 
0.6589796543 
26.4019012451 
9.0944519043 
12.0676717758 
12.3145370483 
-10.5973091125 
5.1407418251 
6.0273928642 
-8.8955173492 
0.7705364227 
-9.0827760696 
-16.2765617371 
-1.8459973335 
-0.6065964699 
-8.6776294708 
-12.1496734619 
2.1290414333 
12.6250982285 
5.2300844193 
8.8255424500 
-1.1568737030 
-17.7172298431 
-0.1826885939 
6.9691996574 
-7.2210211754 
-5.5934057236 
7.5703873634 
12.6186351776 
-5.1788167953 
-16.8382339478 
-11.3481597900 
-16.8691692352 
-8.5090465546 
4.4583435059 
-2.0846076012 
4.1565942764 
3.6863732338 
-5.1615619659 
2.2472786903 
-2.8819282055 
-0.0636999011 
10.3406143188 
-2.8580989838 
0.0894632339 
2.5482964516 
-8.5929260254 
6.1938352585 
6.0140466690 
-5.1861610413 
3.4196624756 
-9.2202072144 
-14.4119167328 
3.6837375164 
0.0132848620 
-4.2012023926 
-1.7480845451 
-4.5938882828 
-0.2475844026 
-1.3595054150 
-2.3518595695 
0.2643399835 
-4.7012376785 
-1.3998618126 
0.2759038210 
-5.3912239075 
-1.4125816822 
1.0167093277 
1.2432485819 
0.5220102668 
-3.8978328705 
0.1383281946 
-0.0146289468 
-3.6045682430 
0.9229728580 
-1.5148575306 
-1.5194947720 
2.7050600052 
-1.3329644203 
0.8766766787 
1.2337393761 
-4.5945982933 
-1.7986774445 
-1.3176776171 
-1.7684571743 
0.1144304574 
-2.4195179939 
-0.3318954110 
-0.1546354294 
-2.2677934170 
0.6145887375 
-2.9755382538 
-3.5397193432 
0.6776069403 
-2.2390475273 
-0.7304545641 
0.1520805359 
-2.3854906559 
0.5349453688 
-2.3315691948 
-3.3702840805 
1.3396596909 
-1.5721615553 
-1.8772208691 
-0.5748500824 
-2.5070352554 
-0.0109238625 
-0.9053092003 
-1.6912310123 
0.7353512049 
-1.6511484385 
-0.9013125896 
-0.1543800831 
-2.2583737373 
-0.0695080757 
-1.1969337463 
-1.8924083710 
0.2130231857 
-1.9264600277 
-0.5285701752 
0.2296009064 
-2.0774192810 
0.1285858154 
-0.8918986320 
-1.6968214512 
0.2684102058 
-1.8265252113 
-0.5840406418 
0.1294336319 
-1.7858574390 
0.3604390621 
-1.3814477921 
-2.0307073593 
0.9756250381 
-1.4292109013 
-1.1385062933 
-0.1560878754 
-2.0409381390 
-0.0918310881 
-1.1656113863 
-1.8796982765 
0.4470951557 
-1.6296100616 
-0.5094377995 
0.2930412292 
-2.7757589817 
-0.5144834518 
-0.3301572800 
-1.6448044777 
0.3785985112 
-1.4111506939 
-1.5460941792 
-0.3006551266 
-1.6101880074 
-0.0593212843 
-0.4763866663 
-1.3104494810 
0.2828377485 
-1.2867240906 
-0.7239066362 
-0.0021824837 
-1.9173443317 
-0.3733568192 
-0.8316431046 
-1.7301709652 
0.1009607315 
-1.3439235687 
-1.0929126740 
0.0166823864 
-1.0152783394 
0.1572890282 
-1.0097610950 
-1.5681591034 
0.4803237915 
-1.2604680061 
-0.9352951050 
0.0673007965 
-1.5289611816 
-0.0586984158 
-0.4428732395 
-1.3956255913 
-0.1156277657 
-1.4878268242 
-0.5030279160 
-0.0751044750 
-2.5739040375 
-0.4740076065 
-0.0923957825 
-1.2689304352 
0.5316820145 
-0.7948684692 
-0.8970273733 
0.3017394543 
-1.2100172043 
-0.1093831062 
-0.1527700424 
-1.3897690773 
-0.2049894333 
-1.2146182060 
-0.9693293571 
-0.0264482498 
-1.5573902130 
-0.4007978439 
-0.1627564430 
-1.5612735748 
-0.9700460434 
-1.3068060875 
-0.3830695152 
0.1489753723 
-1.2211728096 
-0.0621051788 
-0.5003452301 
-1.3497509956 
-0.0090410709 
-1.1527576447 
-0.8905920982 
0.0898032188 
-1.0722992420 
-0.0752696991 
-0.4122788906 
-1.2843828201 
-0.1113734245 
-1.1801161766 
-0.9191128016 
-0.0943715572 
-1.2565324306 
-0.2133271694 
-0.4887709618 
-1.1451933384 
0.1920361519 
-0.8920905590 
-0.6376066208 
0.0488154888 
-1.4158246517 
-0.2576568127 
-0.3067312241 
-1.2876565456 
-0.0751578808 
-0.9105551243 
-0.7117877007 
0.1521003246 
-0.9674493074 
-0.1984970570 
-0.6200532913 
-1.2135000229 
0.2099075317 
-1.1022129059 
-1.2045712471 
-0.0185308456 
-0.9437794685 
-0.3225734234 
-0.6482129097 
-1.0864810944 
0.2785141468 
-0.9260256290 
-0.9050179720 
-0.0334823132 
-1.2483941317 
-0.3270182610 
-0.4127619267 
-1.1547665596 
0.1132335663 
-0.8771739006 
-0.8558292389 
0.0129777193 
-1.1732463837 
-0.2751885653 
-0.2825760841 
-1.1352707148 
-0.0162836313 
-0.8597609997 
-0.8479988575 
-0.1127915382 
-1.2393343449 
-0.3909935951 
-0.4256162643 
-1.0201084614 
0.2093905210 
-0.7648147345 
-0.7761781216 
-0.0924826860 
-1.3387005329 
-0.3361494541 
-0.2269135714 
-1.0112490654 
0.1714670658 
-0.5729448795 
-0.5389375687 
-0.0908732414 
-1.4804542065 
-0.3473055363 
-0.2515432835 
-1.2048904896 
0.0354539156 
-0.7972187996 
-0.8786780834 
-0.0760493279 
-1.3167504072 
-0.4100852013 
-0.3006533384 
-1.0869531631 
0.2421226501 
-0.7344741821 
-0.8915090561 
0.2269783020 
-0.9988437891 
-0.2112965584 
0.0092802048 
-1.2747217417 
-0.2826335430 
-0.7132432461 
-0.8859899044 
-0.1854206324 
-1.2767938375 
-0.4642634392 
-0.2377441525 
-1.1037378311 
0.0462691784 
-0.6722584963 
-0.9357932806 
0.1052367687 
-0.9199126959 
-0.5988314152 
-0.4346814156 
-0.8696010113 
0.2646245360 
-0.5835888386 
-0.7493953705 
-0.0037388802 
-1.2305386066 
-0.4651234150 
-0.3062357903 
-1.2848303318 
-0.1074490547 
-0.7171042562 
-0.8748636246 
0.1412014961 
-0.9443254471 
-0.3765362501 
-0.2097325921 
-1.0501549244 
0.0679523349 
-0.8064765930 
-1.0271306038 
0.2148013115 
-0.9114022851 
-0.3261909485 
-0.0258865356 
-1.3039875031 
-0.2618055344 
-0.5953855515 
-0.9290885925 
0.0790004730 
-0.9184846878 
-0.4554519653 
-0.1109194756 
-1.1777400970 
-0.1803312898 
-0.5373011827 
-0.9248980880 
0.0771579742 
-0.9009246826 
-0.6937141418 
-0.3057231903 
-1.0777354240 
-0.1196079254 
-0.3660516739 
-0.6690359116 
-0.0289125443 
-0.9865664244 
-0.4596774578 
-0.2303237915 
-1.1833724976 
-0.1941909790 
-0.5794410706 
-0.8474493027 
0.1061668396 
-0.8342304230 
-0.4909954071 
-0.2196855545 
-1.0489091873 
-0.1539716721 
-0.7783775330 
-1.0247802734 
0.1052868366 
-0.8513641357 
-0.3519325256 
0.0148983002 
-1.1910495758 
-0.2143440247 
-0.4305963516 
-0.9012951851 
0.0478353500 
-0.8658332825 
-0.5774850845 
-0.1401882172 
-1.1148939133 
-0.1872053146 
-0.4421854019 
-0.8904485703 
0.1560153961 
-0.7762594223 
-0.7227554321 
-0.2097129822 
-1.0904426575 
-0.2605472803 
-0.2863435745 
-0.8006534576 
-0.1841888428 
-0.9063895941 
-0.5588150024 
-0.1769113541 
-0.9994876385 
-0.1700143814 
-0.4068508148 
-0.7942575216 
0.0512828827 
-0.7340455055 
-0.5014896393 
-0.1202354431 
-0.9556503296 
-0.2560820580 
-0.6010742188 
-0.9997634888 
-0.2384576797 
-0.9245305061 
-0.3087940216 
-0.0015830994 
-1.1767730713 
-0.2273559570 
-0.3432159424 
-0.9115462303 
-0.0649566650 
-0.7985515594 
-0.5173950195 
-0.0078802109 
-0.8236541748 
-0.0739002228 
-0.4806976318 
-0.9253673553 
0.1374397278 
-0.8356819153 
-0.8645401001 
-0.2324409485 
-1.0336914063 
-0.3034534454 
-0.3871994019 
-0.9144549370 
-0.1347084045 
-0.7422537804 
-0.4536514282 
0.0204620361 
-0.8368701935 
-0.1371974945 
-0.3846778870 
-0.9028494358 
-0.0216541290 
-0.7744388580 
-0.7144260406 
-0.0961408615 
-0.7019884586 
-0.2275505066 
-0.7237987518 
-0.9935684204 
0.0668258667 
-0.7767524719 
-0.6482524872 
-0.0241003036 
-0.7781620026 
-0.1803857684 
-0.5206680298 
-0.9329986572 
0.0003738403 
-0.7560725212 
-0.5055475235 
-0.0055599213 
-0.9571647644 
-0.1733093262 
-0.3265914917 
-0.9258557558 
-0.0745630264 
-0.7772111893 
-0.5814323425 
-0.0595135689 
-0.9645214081 
-0.2079653740 
-0.3531770706 
-0.8991985321 
0.0160417557 
-0.7295470238 
-0.6160120964 
-0.0505619049 
-0.9627876282 
-0.2530560493 
-0.3480472565 
-0.9457250834 
-0.1126170158 
-0.6942377090 
-0.4090294838 
-0.0193338394 
-1.1073074341 
-0.1382017136 
-0.0600376129 
-0.9217071533 
-0.2027893066 
-0.6993484497 
-0.4937705994 
-0.1309242249 
-1.1474657059 
-0.2683633566 
-0.2763013840 
-0.9034700394 
0.0644233227 
-0.6538152695 
-0.6387605667 
0.0240249634 
-0.8795309067 
-0.2589035034 
-0.3396935463 
-0.9183902740 
0.0124363899 
-0.6807241440 
-0.6037452221 
-0.0151815414 
-0.9847602844 
-0.1809914112 
-0.1444563866 
-0.8864321709 
-0.0046706200 
-0.6459553242 
-0.6446542740 
-0.0461912155 
-0.9624614716 
-0.2899682522 
-0.3321418762 
-0.8444997072 
0.1908750534 
-0.7077507973 
-0.8283641338 
0.0223469734 
-0.8384528160 
-0.3530800343 
-0.4425849915 
-0.7523288727 
0.4181213379 
-0.7524092197 
-0.9639608860 
0.1574176550 
-0.7673563957 
-0.2567237616 
-0.1530389786 
-0.9045605659 
0.0202982426 
-0.6768532395 
-0.8258452415 
-0.1083201170 
-1.1195487976 
-0.3657048941 
-0.1544423103 
-1.0327100754 
-0.0125703812 
-0.5605146885 
-0.7475757599 
0.2905774117 
-0.5406656265 
-0.3142335415 
-0.2608588338 
-0.8074474335 
0.0914312601 
-0.6782561541 
-0.8484095931 
-0.0309869051 
-0.9793288708 
-0.3105399013 
-0.0543830395 
-1.0231072903 
-0.1661913395 
-0.3930666447 
-0.5055055618 
-0.1535527706 
-1.1297034025 
-0.1844768077 
0.0290609598 
-0.8910793066 
0.1200613379 
-0.4322121143 
-0.6574173570 
0.1083536148 
-0.9295399189 
-0.3359359503 
-0.1495437026 
-1.0678263903 
-0.0649129748 
-0.6497836113 
-0.8689213395 
0.1087161303 
-0.8822243214 
-0.2188274562 
0.1172065735 
-1.1130266190 
-0.1563222408 
-0.3399970531 
-0.6981277466 
0.0901622772 
-0.8537604809 
-0.4824556112 
-0.1767987013 
-1.0787087679 
-0.1402850151 
-0.4042326808 
-0.6884988546 
0.0910727978 
-0.8174247742 
-0.3188390136 
0.0028439760 
-1.0470664501 
-0.1549425125 
-0.3169870377 
-0.7239384651 
-0.1120600700 
-0.9754492640 
-0.6100057364 
-0.2593358755 
-0.7266428471 
0.2441899776 
-0.4364458323 
-0.7126622200 
0.2400026321 
-0.8346061707 
-0.5468454361 
-0.2235996723 
-1.0223331451 
0.0022506714 
-0.3168067932 
-0.5647468567 
0.2162070274 
-0.7960636616 
-0.1819262505 
0.0037140846 
-1.3627443314 
-0.3180761337 
-0.4758183956 
-0.8515174389 
0.2221555710 
-0.6660509109 
-0.3133802414 
0.1323640347 
-1.0218595266 
-0.0967388153 
-0.1553757191 
-0.7458430529 
-0.0519932508 
-0.9162025452 
-0.6694800854 
-0.2046909332 
-0.8836820126 
0.0199241638 
-0.4268782139 
-0.7912340164 
0.2814722061 
-0.7285866737 
-0.7079860568 
-0.1968371868 
-0.8260762691 
-0.0075790882 
-0.5174088478 
-0.8639730215 
0.2038055658 
-0.8283463717 
-0.7864297628 
-0.2876672745 
-0.9630166292 
-0.1104745865 
-0.4813082218 
-0.7342844009 
0.2825498581 
-0.5987436771 
-0.2752218246 
0.0468196869 
-0.8154182434 
-0.0407726765 
-0.9750828743 
-1.0717835426 
0.8660895824 
-0.4422588348 
-0.8256874084 
0.0473656654 
-0.6503639221 
-0.0711994171 
-0.6233987808 
-1.0160944462 
0.1977670193 
-0.6626992226 
-0.1469798088 
0.4308123589 
-1.1008806229 
0.0777900219 
0.4924831390 
-0.7187566757 
-0.3148174286 
-0.9233455658 
-0.8704328537 
-0.2452011108 
-0.7064527273 
-0.2753398418 
-0.9973160625 
-1.1703314781 
0.0333375931 
-0.7993922234 
-0.3825883865 
0.2152485847 
-0.7763876915 
0.0357322693 
-0.1991596222 
-0.8776597977 
-0.3116707802 
-0.7566814423 
0.2344751358 
0.2503561974 
-1.2287468910 
-0.0918655396 
-0.4364171028 
-1.1057491302 
-0.1979665756 
-0.9019427299 
0.0541112423 
0.1550465226 
-1.5647101402 
-0.0286078453 
-0.1495029926 
-0.9220771790 
0.4973719120 
-0.6398115158 
-0.5536856651 
0.3279576302 
-0.8308540583 
0.0248658657 
-0.2876832485 
-0.9634335041 
0.2967419624 
-0.6286246777 
-0.3056426048 
0.4394214153 
-0.7143406868 
0.1051938534 
-0.5281350613 
-0.9862697124 
0.6128368378 
-0.8404428959 
-0.7892577648 
0.3719465733 
-0.6818165779 
0.1659195423 
-0.3785790205 
-0.9014604092 
0.7054519653 
-1.0158853531 
-1.1904716492 
0.1827754974 
-0.8529562950 
0.2134656906 
0.1754183769 
-0.6181213856 
0.5823216438 
-0.6640501022 
-0.5973083973 
-0.2047383785 
-2.0163927078 
-0.3299252987 
0.1010264158 
-1.2246041298 
-0.0501592159 
-0.4467482567 
0.0707473755 
0.1575536728 
-1.7191958427 
-0.0833610296 
-0.3517141342 
-1.0647088289 
1.1474189758 
-1.1764672995 
-1.8141118288 
0.6069991589 
-0.5542380810 
0.2536478043 
0.6868598461 
-0.6744189262 
0.3519220352 
0.1268627644 
0.6301954985 
0.1207660437 
-2.1834213734 
0.1635729074 
0.1660947204 
-1.0368137360 
1.1235245466 
-0.6631693840 
-0.1070687771 
0.2294008732 
-3.5611929893 
2.6416606903 
5.6273641586 
-2.1501724720 
-1.4233596325 
0.9744451046 
0.0716496706 
2.0535311699 
0.7075774670 
1.2556524277 
2.4823822975 
-1.2735095024 
-0.4888094664 
-0.7788848877 
-3.3987474442 
0.6075944901 
-0.0410203934 
-3.8869438171 
-2.1757054329 
-5.5686583519 
-7.3565235138 
2.6853251457 
5.7879276276 
-3.1019613743 
-4.3195018768 
0.6781792641 
-0.5861251354 
-0.4374232292 
1.9016244411 
-2.3762481213 
-3.4736526012 
2.8276939392 
3.6705269814 
-2.3439261913 
-3.1106715202 
5.8579025269 
9.2625827789 
0.4644985199 
-0.8407320380 
8.3656387329 
7.8468465805 
-3.6854205132 
-6.1928710938 
3.8123762608 
4.7656025887 
-3.2729423046 
-2.1376154423 
1.6424682140 
0.6541538239 
-2.3901596069 
-4.2220573425 
-0.1681225300 
-0.6268286109 
-2.0079419613 
1.6594452858 
-4.9774975777 
-3.3115024567 
5.2190299034 
0.8678435683 
19.8450698853 
26.1960811615 
-17.2738304138 
-18.8942489624 
10.6387701035 
-2.2207930088 
-12.1011657715 
-10.0234518051 
-13.9805660248 
-7.4059309959 
-6.8018445969 
-1.4001078606 
4.3751525879 
0.4923375249 
28.5055065155 
30.3154544830 
-21.4011268616 
-18.8432025909 
10.6064548492 
-5.4657955170 
-18.7107620239 
-16.8055191040 
-10.8912515640 
-0.2673796415 
-0.6553647518 
11.6600990295 
37.3125152588 
39.5825729370 
24.8124389648 
22.3096008301 
35.0286750793 
21.5609798431 
-14.0379371643 
-18.1679840088 
-16.7988281250 
-27.0344924927 
-25.2200794220 
-24.1250343323 
2.2329418659 
17.0051078796 
-30.9871177673 
-11.3257827759 
63.3624343872 
33.6995658875 
-14.1797399521 
-7.5182328224 
-19.4033508301 
-24.2927436829 
-18.4174842834 
-22.3178081512 
-14.5722284317 
-13.1662569046 
15.7143983841 
27.3403930664 
-46.0271301270 
-12.3277330399 
110.3138809204 
60.4149894714 
-21.8351440430 
3.2806849480 
-15.1776132584 
-23.8551921844 
16.7336502075 
-0.0438205004 
-8.0585756302 
11.5593118668 
3.3288090229 
11.0869855881 
19.2046833038 
4.7040038109 
-14.4849128723 
-14.7384147644 
34.9060287476 
26.9169139862 
-39.8773918152 
13.0616130829 
87.5841903687 
49.9075393677 
13.5885038376 
15.7309951782 
29.7286319733 
8.3423309326 
-65.8687744141 
-32.4629440308 
64.1351470947 
9.0038814545 
-80.1567306519 
-31.0360050201 
32.7991256714 
-13.5957155228 
-53.4500122070 
