9.8895044327 
61.8507080078 
42.4786376953 
33.0822410583 
21.8972682953 
13.4214735031 
-12.6755504608 
-107.6793518066 
-63.5001029968 
65.4180603027 
-16.9001693726 
-87.4305114746 
-11.4013442993 
-5.0091934204 
-0.4049768448 
24.4877700806 
-6.7168540955 
-10.9105558395 
-19.4495334625 
-31.8618373871 
-16.8811759949 
-23.9590225220 
-1.6551921368 
10.4640502930 
10.3794479370 
58.1102981567 
15.8320789337 
-22.9987678528 
11.5276393890 
-52.0786094666 
13.4270963669 
167.1668395996 
31.2238426208 
-74.8319931030 
16.7674045563 
1.6764034033 
-3.6508054733 
35.0194168091 
-19.6848831177 
-36.4667663574 
-26.0701980591 
-39.0239677429 
-30.5019378662 
-46.5748901367 
-34.4398880005 
-4.1235704422 
-34.7185630798 
-37.5744514465 
-24.0495185852 
-36.8763504028 
-10.8912067413 
7.7911386490 
-3.2765455246 
0.1365519166 
6.7817168236 
16.4547424316 
6.1775536537 
-10.3122234344 
-4.8834066391 
-25.3326396942 
-15.9573478699 
25.6542053223 
-25.0500526428 
-58.5852546692 
7.5260839462 
22.3302536011 
14.5035991669 
40.6733245850 
-3.6032896042 
-47.1523742676 
-2.1959195137 
13.6378040314 
-16.7529678345 
-14.8882102966 
-8.5177860260 
-11.1901750565 
2.0238256454 
10.0299253464 
3.4226026535 
-0.1864529848 
6.6230068207 
9.7434768677 
-2.7957808971 
-8.6118602753 
-8.9907073975 
-17.5102500916 
-9.1368503571 
-1.5135791302 
-15.3231420517 
-17.4611282349 
-14.2962751389 
-16.6314964294 
-17.1869373322 
-22.3300418854 
-10.4024372101 
-0.0497147441 
-9.7559337616 
-0.3719955385 
-8.9941482544 
-28.2848567963 
11.7638940811 
27.7062721252 
-6.7497367859 
-3.6536164284 
-0.3483254910 
-9.9080133438 
7.3615479469 
9.5134096146 
-0.9334209561 
0.9776340723 
-1.0054873228 
-0.6402653456 
-2.4654965401 
-5.7712855339 
-2.9677746296 
-6.2727794647 
-1.5068534613 
3.8176717758 
-4.5709853172 
-2.0001418591 
-2.7950034142 
-9.8493700027 
0.3597331047 
0.0999604464 
-9.9345312119 
-7.2955813408 
-7.0393171310 
-4.9556159973 
-1.3075773716 
-3.0095102787 
4.0712108612 
5.8629455566 
-3.5408983231 
-3.5997142792 
-1.8338738680 
-3.9103217125 
-1.7950865030 
-1.9258468151 
-6.8848924637 
-7.9563202858 
-3.1497838497 
-1.4138979912 
-2.7405235767 
-0.5540871620 
-0.3114448190 
-1.2961903811 
-0.2522547245 
-1.8002355099 
-1.1779340506 
0.3223058581 
-1.9639834166 
-0.8571538329 
1.5218286514 
0.8188904524 
-0.7160331011 
-2.0206861496 
-0.9038512707 
-0.8369397521 
-0.9637541175 
0.6820428371 
-2.1795108318 
-2.7639875412 
-0.1635462344 
-2.0724964142 
-0.5300631523 
0.4066615105 
-2.8876485825 
-1.2577083111 
-2.1260426044 
-3.5187542439 
0.2304869890 
-1.0139858723 
-2.0678422451 
-0.6214504242 
-1.6488709450 
-0.4121115208 
-1.7533113956 
-2.9095497131 
0.6174094081 
-0.7109797001 
-1.1448684931 
0.5617561340 
-1.9755491018 
-0.8491523266 
0.2418268919 
-1.3352266550 
-0.0964912772 
-1.1220440865 
-1.0421220064 
0.2441346645 
-2.3490259647 
-1.3204524517 
0.1710350513 
-1.3424215317 
-0.8551235199 
-1.5645465851 
-1.1336632967 
-0.1088247299 
-2.0911364555 
-1.0439584255 
-0.4609948397 
-1.6513707638 
-0.3787777126 
-1.1782649755 
-0.9814040661 
0.0448932648 
-1.8217227459 
-0.8479526043 
-0.8576625586 
-2.0337944031 
0.1832177043 
-0.8429191113 
-1.6324906349 
-0.2123565674 
-1.7122640610 
-0.9666223526 
-0.3529005051 
-1.6669378281 
-0.4861867428 
-1.1179752350 
-1.3268375397 
-0.1502826214 
-1.4356268644 
-0.6852242947 
-0.4982213974 
-1.5882732868 
-0.1294665337 
-0.9030036926 
-1.1712274551 
-0.0381050110 
-1.3515865803 
-0.5796065331 
-0.5587062836 
-1.5324897766 
0.3967828751 
-0.5907126069 
-1.4165186882 
-0.1335773468 
-1.3266000748 
-0.8049731255 
-0.7210075855 
-1.7445211411 
-0.0666301250 
-0.8921942711 
-1.5429239273 
-0.3108031750 
-1.3951847553 
-0.9473695755 
-1.2568087578 
-2.0247993469 
0.2896523476 
-0.7738351822 
-1.5134401321 
0.1045923233 
-1.5170776844 
-0.6710119247 
0.4495182037 
-1.3886659145 
-0.5750265121 
-1.0796422958 
-1.8620696068 
-0.4432823658 
-1.4561424255 
-0.9005498886 
0.0970439911 
-1.4018096924 
-0.7824449539 
-0.9567853212 
-1.5716590881 
-0.2441810369 
-0.4790162444 
-0.4029840231 
-0.5654108524 
-1.0564782619 
0.3436725140 
-0.4717755318 
-0.8967409134 
0.0956292152 
-1.3839480877 
-0.4763731956 
0.6531696320 
-0.9240999222 
-0.3428840637 
-0.5561724901 
-1.2092003822 
-0.2206871510 
-0.9158253670 
-0.8008207083 
-0.6127700806 
-1.2324352264 
-0.0219173431 
-0.6001088619 
-1.1873898506 
-0.1862087250 
-1.1018099785 
-0.8104777336 
-0.4386534691 
-1.1811261177 
-0.1216156483 
-0.4902837276 
-0.7337422371 
-0.1000044942 
-1.4658930302 
-0.7506561279 
-0.1258265972 
-1.1581239700 
-0.0990877151 
-0.4339516163 
-0.7004072666 
-0.0486288071 
-1.5925923586 
-0.6298192739 
0.3012501001 
-1.1388030052 
-0.1794259548 
-0.4477322102 
-1.0623359680 
-0.0948404074 
-1.2873234749 
-0.8053836823 
-0.0377013683 
-1.3196310997 
-0.3520119190 
-0.6085557938 
-1.3694400787 
-0.1155068874 
-0.8931565285 
-0.8743221760 
-0.3038573265 
-1.2168762684 
-0.3477673531 
-0.4104688168 
-0.7925214767 
-0.0610513687 
-1.1404644251 
-0.6621487141 
-0.0571877956 
-1.1290779114 
-0.1534039974 
-0.4947407246 
-1.1232738495 
-0.0760498047 
-1.0579504967 
-0.6931610107 
0.0133299828 
-1.1391087770 
-0.2326698303 
-0.4553189278 
-1.1416321993 
-0.0369323492 
-0.9011139870 
-0.7184933424 
-0.0709939003 
-1.0520271063 
-0.0889363289 
-0.4882273674 
-1.3273775578 
-0.0192940235 
-0.8351024389 
-0.8399002552 
-0.0537395477 
-1.2033357620 
-0.4877581596 
-0.2035188675 
-0.7221004963 
-0.0387028456 
-0.9138183594 
-0.6394296885 
0.0041369200 
-0.9436976910 
0.0307908058 
-0.3130857944 
-1.1518135071 
0.3272906542 
-0.3985319138 
-0.7948329449 
-0.1447378397 
-1.1633847952 
-0.5129747391 
-0.2947632074 
-0.9156656265 
-0.0491875410 
-0.7414395809 
-0.8291482925 
-0.1855889559 
-1.1603926420 
-0.5495126247 
-0.2113063931 
-0.7235667706 
-0.1368826032 
-0.7643640041 
-0.7646336555 
-0.3211725950 
-0.7625107765 
0.0331072807 
-0.6472854614 
-1.3242411613 
-0.1533095241 
-0.9509787560 
-0.8551657200 
-0.1487429142 
-1.2099086046 
-0.4974632263 
-0.4390890598 
-1.1179018021 
-0.2299826145 
-0.8926628828 
-0.9149212837 
-0.2656092644 
-0.8733234406 
-0.0834746361 
-0.4049701691 
-1.0222740173 
0.0256154984 
-0.7607064247 
-0.5816287994 
0.1001796722 
-1.0136033297 
-0.2356104851 
-0.3504018784 
-1.0824369192 
0.1592707634 
-0.5962258577 
-0.7373952866 
-0.0074672699 
-1.1914412975 
-0.5326156616 
-0.3641643524 
-1.1349904537 
-0.0423431396 
-0.6778125763 
-0.9327228069 
-0.1853171587 
-1.1284830570 
-0.5217704773 
-0.4183944464 
-1.1488308907 
-0.0790033340 
-0.6745967865 
-0.8137986660 
-0.0153875351 
-1.0963189602 
-0.4924004078 
-0.1802129745 
-0.9995349646 
0.0104141235 
-0.5284547806 
-0.9954853058 
-0.1788921356 
-0.8840522766 
-0.4310245514 
-0.1789116859 
-0.9312219620 
-0.2779846191 
-0.7376255989 
-0.8233051300 
-0.1189832687 
-0.8303089142 
-0.3281056881 
-0.3581149578 
-1.0279932022 
-0.0870494843 
-0.6211228371 
-0.6887037754 
0.0529794693 
-0.9269475937 
-0.4062517881 
-0.1614055634 
-0.9674396515 
-0.2636928558 
-0.7203903198 
-0.7367324829 
-0.0294837952 
-0.9138870239 
-0.4204792976 
-0.3728256226 
-1.1300382614 
-0.2903461456 
-0.8084210157 
-0.7826213837 
-0.0540008545 
-1.0807132721 
-0.4771919250 
-0.3042716980 
-1.0941925049 
-0.1091537476 
-0.6694707870 
-0.8259449005 
-0.0045642853 
-1.0696792603 
-0.4360408783 
0.0322920084 
-0.8561906815 
-0.0318355560 
-0.4901323318 
-0.7743043900 
0.0250625610 
-0.8447265625 
-0.3920240402 
-0.1755523682 
-0.9651775360 
-0.0809431076 
-0.5807636976 
-0.6983337402 
-0.0057623386 
-1.3517055511 
-0.6816778183 
-0.0022144318 
-1.0750293732 
-0.2162384987 
-0.5736887455 
-1.1218528748 
-0.0775995255 
-0.6845951080 
-0.4527206421 
-0.1661453247 
-1.0341968536 
-0.2912473679 
-0.6152100563 
-0.9541816711 
-0.0646400452 
-0.7724266052 
-0.5024681091 
-0.2066459656 
-1.1157956123 
-0.5932099819 
-0.7972613573 
-0.7458105087 
-0.1293981075 
-1.1427106857 
-0.5170650482 
-0.1217632294 
-0.9906167984 
-0.0199594498 
-0.5425241590 
-1.1311354637 
-0.0604758263 
-0.6601047516 
-0.4131011963 
-0.1056060791 
-0.8894858360 
-0.0756645203 
-0.5009860992 
-0.9537353516 
-0.1012201309 
-0.8901901245 
-0.5492687225 
-0.1053494215 
-0.9447412491 
-0.1912403107 
-0.4372291565 
-0.7458629608 
0.0089673996 
-0.8297996521 
-0.4660644531 
-0.1056613922 
-0.8762035370 
0.0349390507 
-0.3848228455 
-0.8449058533 
0.0199956894 
-0.8425312042 
-0.5159440041 
-0.1320135593 
-0.9458084106 
0.0548848510 
-0.4625611305 
-1.1281657219 
0.0342555046 
-0.6499905586 
-0.4624288082 
0.0783672333 
-0.8489151001 
-0.1379661560 
-0.3071594238 
-0.7747230530 
0.0481231213 
-0.7285089493 
-0.5193009377 
-0.0757293701 
-0.9177826643 
-0.1461620331 
-0.4200798273 
-0.9181642532 
-0.0920228958 
-0.8624434471 
-0.6544327736 
-0.2738046646 
-0.8958991766 
0.1486864090 
-0.4283611774 
-1.0983506441 
0.0466039181 
-0.7395167351 
-0.5507638454 
0.0134696960 
-0.9208512306 
-0.0821046829 
-0.4256796837 
-1.1186897755 
-0.0401792526 
-0.8084144592 
-0.6509962082 
0.0326309204 
-1.0218105316 
-0.3419857025 
-0.3344717026 
-0.9061532617 
-0.0601940155 
-0.7710667849 
-0.6301989555 
-0.0432147980 
-0.8000993729 
0.0271577835 
-0.2785007954 
-0.9921970367 
-0.0303270817 
-0.7828741074 
-0.8013720512 
-0.2580137253 
-0.8590657115 
0.0891870260 
-0.3515053988 
-1.0539854765 
-0.0012223721 
-0.9137988091 
-0.5984914303 
0.3027384281 
-1.0435158014 
-0.3309055567 
0.1217346191 
-0.4976141453 
0.2283967733 
-0.5359258652 
-0.5974230766 
0.0054041147 
-0.8553667068 
-0.1094064713 
-0.0712776184 
-0.6980440617 
0.1533236504 
-0.5726280212 
-0.7113161087 
-0.1886758804 
-0.7832393646 
0.0279382467 
-0.2132545710 
-0.7280954123 
0.0712343454 
-0.8177883625 
-0.1797018051 
0.6003804207 
-0.9274914265 
-0.1862905622 
-0.0685639381 
-0.8798303604 
0.1047111154 
-0.6565381289 
-0.6293613911 
0.1532636285 
-0.9486137629 
-0.2456702590 
-0.1653033495 
-0.9676964879 
-0.1039820313 
-0.8584412336 
-0.7573639154 
0.0702953339 
-0.9341690540 
-0.1363701224 
-0.0477508903 
-0.8314411640 
0.0626733303 
-0.7505100965 
-0.6022197008 
0.2338604927 
-1.0303192139 
-0.2224795818 
0.0855327845 
-0.7409904003 
0.1918261051 
-0.5861427784 
-0.5806447268 
0.2575037479 
-1.1190888882 
-0.3920688629 
0.1911320686 
-0.6585037708 
0.0404248238 
-0.6273149252 
-0.5670571923 
0.2069642246 
-1.0236531496 
-0.3037824631 
-0.1197305918 
-1.0079419613 
0.2896810770 
-0.3614082336 
-0.8906193376 
0.0603961945 
-0.8126012087 
-0.2590162754 
0.0858414173 
-0.8047456741 
0.0299656391 
-0.4879083633 
-0.8635196686 
-0.0306930542 
-0.4863162935 
-0.0288467407 
-0.3715996742 
-1.0825226307 
-0.0452383757 
-0.6783015728 
-0.5514509678 
0.2476982176 
-0.8465068340 
-0.2042312622 
-0.2934796810 
-1.0973184109 
0.1259475946 
-0.4677599669 
-0.3876407743 
0.5033075809 
-0.6110224724 
-0.0096321106 
-0.3510351181 
-1.2172555923 
0.3920373917 
-0.3480434418 
-0.5331304073 
0.5557537079 
-0.6215724945 
-0.0426809788 
-0.3287934065 
-1.3686521053 
0.3523759842 
-0.5016176701 
-0.9357848167 
0.3934020996 
-0.9110231400 
-0.2532691956 
0.1462619305 
-1.2275776863 
-0.1161823273 
-0.7629852295 
-1.2413148880 
0.1331433654 
-0.6784310341 
-0.0712947845 
0.1676340103 
-0.9303755760 
0.2187650204 
-0.4289851189 
-0.5725114346 
0.5952143669 
-0.7056322098 
0.1741135120 
0.4780128002 
-0.6501016617 
1.3555798531 
0.1994705200 
-1.4600710869 
0.3157835007 
-0.4837522507 
-0.3552045822 
0.4973161221 
-1.0346212387 
-0.6982727051 
-0.5946791172 
-0.4709577560 
0.5276288986 
-0.5731825829 
-0.0741569996 
0.2939949036 
-0.9537172318 
-0.0037250519 
-0.3744621277 
-0.6675157547 
0.4927083254 
-0.3823318481 
-0.1500507593 
-0.4959353805 
-1.3086057901 
0.4791886806 
-0.5762460232 
-1.2233607769 
0.2519078255 
-1.2379779816 
-0.4535956383 
0.5540249348 
-1.2071986198 
-0.4129390717 
-0.5617933273 
-0.7908420563 
0.3647052050 
-1.0915770531 
-0.3077685833 
0.6480822563 
-1.0751482248 
-0.2532806396 
-0.4607295990 
-0.9560012817 
0.1805689335 
-1.0805811882 
-0.6779766083 
-0.1170001030 
-1.3910279274 
-0.1341567039 
-0.4432635307 
-0.8967101574 
0.3939931393 
-0.8500895500 
-0.4372960925 
0.0149195194 
-1.0921154022 
0.5349528790 
-0.0846471786 
-0.8466920853 
0.7517154217 
-0.5121562481 
-0.3397531509 
0.0967506170 
-1.2729698420 
0.1095758677 
-0.3787264824 
-1.1037890911 
0.5616056919 
-0.3257532120 
-0.4192920923 
-0.5042119026 
-0.9578361511 
1.0350754261 
-0.2344136238 
-0.7437703609 
0.5686483383 
-1.6528511047 
0.0435025692 
1.5172963142 
-1.1279428005 
0.0591216087 
-0.2834050655 
-1.1026232243 
0.2628347874 
-1.7588706017 
-0.1788177490 
1.6537221670 
-1.2459001541 
-0.1890358925 
-0.0710611343 
-1.0489003658 
0.4565541744 
-1.2780113220 
0.0052738190 
1.8733696938 
-1.0641078949 
-0.1309523582 
-0.1195477247 
-1.7813472748 
0.2501912117 
-0.5992020369 
-0.9408403635 
0.2267909050 
-0.7726663351 
0.4302864075 
0.1253687143 
-0.7068486214 
-0.4761013985 
-2.7825319767 
-0.1193263531 
2.2332072258 
-0.7618238926 
0.5386848450 
0.5905199051 
-0.8951888084 
-0.9196276665 
-4.0483369827 
-0.8370667696 
2.1404933929 
-2.4948420525 
-0.6690617800 
-0.6711294651 
-4.1045517921 
0.5591065884 
0.3133640289 
-3.4511604309 
-1.7342953682 
-1.6687815189 
-0.9355522394 
0.0166028738 
-1.2523603439 
-1.7638007402 
-2.8731617928 
-0.7154184580 
2.2922868729 
2.2892198563 
4.1851778030 
4.9670181274 
3.6244914532 
-1.9424538612 
-7.8244838715 
-1.3777720928 
0.3138580024 
-5.5167717934 
-0.6359177828 
-3.0032668114 
-5.9952578545 
7.4294109344 
8.8047180176 
2.0432906151 
5.3086466789 
7.0267124176 
7.5844516754 
1.4900840521 
-5.1978049278 
4.6144399643 
5.6190443039 
-4.9641447067 
0.2598474920 
6.1970295906 
3.8172206879 
8.0794658661 
5.1897225380 
-11.1625566483 
-12.3775215149 
-0.1395058185 
3.4306359291 
14.4398136139 
22.9367961884 
3.9450855255 
-2.2663161755 
8.4844293594 
-0.2664901018 
-7.4513955116 
-2.8647794724 
10.2236680984 
20.8513011932 
-6.6703987122 
-16.6533966064 
18.9498691559 
5.6131887436 
-33.6060066223 
-23.4165897369 
-8.0741224289 
-3.4948081970 
6.8066539764 
4.5352401733 
-1.8622084856 
-7.1838068962 
-18.3518180847 
-17.6916751862 
-2.1678307056 
5.3571481705 
2.7456893921 
7.8631658554 
11.9207868576 
3.6838488579 
-10.7189960480 
-22.5097770691 
-6.5792713165 
-8.7656250000 
-68.1367797852 
-59.2992172241 
15.2920989990 
6.3812456131 
-18.4759025574 
9.4676532745 
17.2575855255 
19.3673706055 
16.7002506256 
-2.4541132450 
1.3759725094 
-11.6408319473 
-34.4990997314 
-16.0794391632 
-1.4429385662 
5.7396793365 
17.3695678711 
2.9503374100 
-7.3516168594 
-15.8043899536 
-52.7186050415 
-36.4017639160 
53.1686172485 
54.6270027161 
-29.7064819336 
4.5633959770 
81.2639846802 
29.7566299438 
-16.6328144073 
-0.0371636152 
12.3802356720 
34.5001220703 
14.8113594055 
24.8123168945 
98.8869781494 
40.4881362915 
-37.0130271912 
-16.3152618408 
-62.7554092407 
-35.9831924438 
82.5774765015 
43.2886199951 
-3.1520166397 
20.3144111633 
-25.7345218658 
-21.0818443298 
29.6948776245 
5.4513168335 
-13.1106338501 
16.8545761108 
58.0722427368 
46.9967956543 
-12.4916372299 
3.6066851616 
40.3164367676 
-4.6480550766 
-34.3731079102 
-28.6693687439 
-46.8768081665 
-36.7890090942 
9.7067966461 
-2.6025149822 
-40.2431755066 
