60.3912429810 
15.2447118759 
-24.7274169922 
-31.0718269348 
-47.3016128540 
-52.7681770325 
-90.1894149780 
-52.9699096680 
76.9732437134 
17.1945304871 
-86.2764816284 
6.6584243774 
44.1390304565 
7.4721894264 
24.2929782867 
-5.0783357620 
-23.0548553467 
-8.5455398560 
-16.2671604156 
5.5278944969 
12.4391860962 
18.4153671265 
36.9384689331 
17.2981300354 
32.9308128357 
9.0036640167 
-50.3455848694 
-1.7050510645 
-8.5627994537 
-1.9944050312 
116.0910797119 
-0.1808918715 
-151.6560211182 
-28.5505561829 
10.5138912201 
-40.8351860046 
-2.4125571251 
-38.8948173523 
-69.0895156860 
-28.5537681580 
-29.6548194885 
-20.4323539734 
-14.5329523087 
-12.3781852722 
20.3068656921 
-1.2268173695 
-16.9241523743 
13.4577455521 
8.5150175095 
19.8811588287 
39.9006118774 
17.2890548706 
9.9858245850 
14.8277511597 
12.6836013794 
2.6004714966 
-16.8964920044 
-8.8398094177 
-8.4968843460 
-9.4716768265 
26.5599231720 
-1.3225573301 
-40.4795379639 
26.8465633392 
53.3028678894 
9.9273242950 
13.9937047958 
-11.1106700897 
-52.9611778259 
-4.1126928329 
28.0445289612 
-10.2965297699 
-13.6174831390 
6.1383008957 
3.8813986778 
10.2125291824 
15.5287189484 
3.4615783691 
-3.8909149170 
-0.1375772953 
1.0136530399 
-10.9059181213 
-17.5896396637 
-10.6160736084 
-11.6662292480 
-6.3798589706 
4.2479681969 
-7.5463218689 
-11.6495952606 
-1.0478996038 
-1.0362708569 
0.7335181236 
1.9125744104 
9.1390180588 
20.5433731079 
8.2463455200 
6.9182310104 
10.5642681122 
-5.7588577271 
20.0576744080 
39.6292304993 
-3.6083223820 
-10.9079151154 
8.2826786041 
-1.2226061821 
8.5149707794 
14.4157772064 
-2.7278020382 
-2.3001291752 
-0.0002866983 
-1.7607834339 
-0.5630564690 
-3.4758224487 
0.1918540299 
0.8342322111 
1.2902635336 
7.1020741463 
-0.9912525415 
-3.0333528519 
1.9286596775 
-4.3836536407 
2.0594458580 
6.2781171799 
-5.1977853775 
-2.0644426346 
3.8179306984 
3.8087010384 
7.6951184273 
5.3474550247 
6.4284372330 
7.9434442520 
-2.4394159317 
-3.9087083340 
1.7349410057 
0.1670606732 
0.8811773062 
2.0152859688 
-1.4496812820 
-1.2284147739 
4.4424872398 
6.7042503357 
3.7988300323 
4.1510806084 
4.8038978577 
2.4972386360 
2.9840455055 
2.4343447685 
1.8096044064 
3.7148981094 
1.9475519657 
1.6695680618 
4.0780591965 
2.5229177475 
0.4413178563 
-0.1776627302 
0.9679372311 
1.9646331072 
0.9804788828 
1.9438287020 
0.5328381062 
-1.0346308947 
2.3476028442 
1.4884741306 
0.7645477057 
2.6922111511 
-0.4882383347 
-0.0005640388 
1.6888724566 
-0.2925484180 
2.7484331131 
2.8612363338 
0.0270552635 
1.9429745674 
1.4419150352 
1.3401037455 
1.6300252676 
-0.0976442695 
2.8680043221 
2.7945923805 
0.2782260180 
2.2918453217 
0.7259459496 
0.2939028740 
2.5504984856 
0.5775312781 
0.8955775499 
1.1832928658 
0.0781030655 
1.7105489969 
0.0878603458 
-0.1225285530 
2.3630042076 
0.6179602146 
0.3494181633 
0.8285589218 
0.4333758354 
1.7600327730 
0.3148441315 
0.2912533283 
1.9439435005 
0.4015055895 
1.0360805988 
1.2594354153 
0.3341197968 
1.6465649605 
0.2665430605 
0.1809711456 
1.4999873638 
-0.0108475685 
1.4260058403 
1.5633558035 
-0.3817943335 
1.2827260494 
0.6769315004 
0.2471218109 
1.7145757675 
0.2651200294 
0.7640256882 
1.2157325745 
0.1780157089 
1.4883217812 
0.7277808189 
0.4212954044 
1.4809455872 
0.1538705826 
1.0138995647 
1.2315344810 
0.0158561468 
1.3483800888 
0.5602312088 
0.3006093502 
1.3095011711 
0.0112924576 
1.1774854660 
1.1943693161 
-0.6125203371 
0.8849048615 
0.4524893761 
-0.0186500549 
1.0029721260 
-0.1462354660 
0.8804826736 
1.0769481659 
-0.4457200766 
0.9657649994 
0.5230331421 
0.0753880143 
0.8824253082 
-0.0626587868 
1.5581231117 
1.5303468704 
-0.4226419926 
1.3364238739 
0.6622934341 
0.0829951763 
1.8357551098 
-0.0111796856 
-0.1052157879 
0.7436265945 
-0.4175100327 
1.0049605370 
0.8928236961 
0.3113751411 
1.6919116974 
0.3140277863 
0.1719529629 
1.0500655174 
0.1776077747 
1.2665312290 
1.4036984444 
0.6170954704 
0.8779485226 
0.2679828405 
1.1399552822 
1.0196561813 
-0.2501642704 
0.9467859268 
0.2598781586 
0.0859574676 
1.7083511353 
0.0684342384 
-0.1893733740 
0.6022062302 
-0.3490495682 
0.5471806526 
0.4704499841 
-0.0804286003 
0.6682906151 
0.0607337952 
0.6935873032 
0.8198857307 
-0.3765820265 
0.6787004471 
0.3989706039 
-0.0419559479 
0.9126853943 
0.1424083710 
0.6220903397 
0.8825075626 
-0.0927410126 
0.6621766090 
-0.0578666925 
-0.0897822380 
1.2405245304 
0.0814285278 
0.4445576668 
0.8592944145 
-0.1696519852 
0.6165840626 
-0.1737601161 
-0.1219401360 
1.4732263088 
-0.0744414330 
0.0262701511 
0.7190537453 
-0.4533255100 
0.4750008583 
0.0983777046 
-0.2945303917 
1.0504932404 
-0.1263723373 
0.0547943115 
0.7566473484 
-0.4310898781 
0.6227761507 
0.5726494789 
-0.2182673216 
0.7767708302 
0.0736079216 
0.2983231544 
0.8814198375 
-0.0554184914 
0.5689858198 
0.1158376932 
-0.1609578133 
0.9839235544 
-0.0700479746 
0.1897647381 
0.6899403930 
-0.4408614635 
0.5377364159 
0.2953207493 
-0.2018752098 
0.9699280262 
-0.0743448734 
0.0758635998 
0.7076890469 
-0.4168553352 
0.5175852776 
0.3792231083 
-0.2596831322 
0.8154091239 
-0.0452892780 
0.1420156956 
0.6059435606 
-0.6288995743 
0.4952647686 
0.4913263321 
-0.3604958057 
0.7738304138 
-0.0172088146 
-0.0197405815 
0.9084095955 
-0.0150400400 
0.3790829778 
0.1511906385 
-0.2421768904 
0.8149008751 
-0.0390979052 
0.1443992853 
0.6173899174 
-0.6334758997 
0.4872511625 
0.4964717627 
-0.7069721222 
0.2634012699 
-0.2507455349 
-0.2363185883 
0.6307566166 
-0.2733051777 
0.2264842987 
0.1837658882 
-0.5066900253 
0.4321458340 
-0.1621989608 
-0.1577048302 
0.6999592781 
-0.1158766747 
0.1463922858 
0.0518394709 
-0.4053430557 
0.3669534922 
-0.0508760214 
0.1405510008 
0.1303315163 
-0.8854312897 
0.2781444788 
0.2073700726 
-0.4698787928 
0.5905971527 
-0.1989574432 
-0.1672697067 
0.5943073630 
-0.3722126484 
0.2551770210 
0.2695971727 
-0.3385717869 
0.6141386032 
0.1332082152 
0.2195831537 
0.5071415901 
-0.5010981560 
0.3875229359 
0.2624673843 
-0.3652925491 
0.6477074623 
-0.2554504871 
-0.2078571320 
0.4882403612 
-0.5822947025 
0.3134851456 
0.2816996574 
-0.6662397385 
0.3629841805 
-0.3769397736 
-0.4203786850 
0.5170859098 
-0.4796745777 
0.1816940308 
0.2773628235 
-0.6386246681 
0.3450636864 
-0.1667280197 
-0.2511073351 
0.5264987946 
-0.4094390869 
0.2625474930 
0.3688721657 
-0.4780206680 
0.4986495972 
-0.1469500065 
-0.2914326787 
0.6526967287 
-0.3479928970 
0.1329221725 
0.3146438599 
-0.6787509918 
0.2641610503 
0.0268669128 
-0.2132501602 
0.4789905548 
-0.3823776245 
-0.0660926700 
0.1347751617 
-0.4179744720 
0.4181504250 
-0.0306406021 
-0.1746926308 
0.3490977287 
-0.4906475544 
0.1513967514 
0.2532178164 
-0.4618186951 
0.4202060699 
-0.2100725174 
-0.3815016747 
0.4258041382 
-0.5046021938 
-0.1302628517 
0.0941309929 
-0.4632987976 
0.3721313477 
-0.2215442657 
-0.3813662529 
0.2770347595 
-0.6011896133 
-0.0260791779 
0.1534943581 
-0.4414348602 
0.4618635178 
-0.2267618179 
-0.3255748749 
0.5026493073 
-0.4647383690 
0.1136283875 
0.2816696167 
-0.5259180069 
0.4537563324 
-0.1458892822 
-0.2974376678 
0.7145996094 
-0.3440198898 
-0.0592060089 
0.1990261078 
-0.6235580444 
0.2579507828 
-0.1755971909 
-0.4299452305 
0.3405532837 
-0.5557875633 
-0.0903472900 
0.1068916321 
-0.6613155603 
0.2068748474 
-0.5422401428 
-0.6127986908 
0.7058763504 
-0.4337854385 
-0.2276639938 
0.2464056015 
-0.7224235535 
0.2534961700 
0.1447982788 
-0.3940935135 
0.2769889832 
-0.5344371796 
-0.2305164337 
0.1585960388 
-0.6029891968 
0.2456798553 
-0.0295333862 
-0.4605226517 
0.2430343628 
-0.5796816349 
-0.3534832001 
0.1217961311 
-0.2903041840 
0.3859329224 
-0.2449998856 
-0.3061013222 
0.6406922340 
-0.3726940155 
0.0130724907 
0.2687063217 
-0.7703723907 
0.2946634293 
0.2080917358 
-0.3188815117 
0.3646507263 
-0.4224151373 
-0.1096944809 
0.1602823138 
-0.7221183777 
0.1655119658 
-0.0726776123 
-0.4180822372 
0.4565544128 
-0.3648414612 
-0.1246485710 
0.2747459412 
-0.5039672852 
0.2234497070 
-0.1397209167 
-0.4386291504 
0.4048509598 
-0.4100170135 
-0.0508270264 
0.2078178525 
-0.7525720596 
0.1281900406 
-0.1701059341 
-0.5421428680 
0.3568286896 
-0.4679632187 
-0.0743389130 
0.1966133118 
-0.9093184471 
0.2016807795 
0.1379213333 
-0.4905791283 
0.3824214935 
-0.4356813431 
-0.3173694611 
0.1870707273 
-0.6756439209 
0.0330619812 
-0.1914100647 
-0.6388077736 
0.2213315964 
-0.5332779884 
-0.3086891174 
0.0996363163 
-0.7904615402 
-0.0073127747 
-0.2000832558 
-0.6052854061 
0.2573436499 
-0.3830156326 
0.0261821747 
0.1591693163 
-0.9928274155 
0.1187238693 
-0.0053315163 
-0.6267590523 
0.3329524994 
-0.4976692200 
-0.3252887726 
0.1194412708 
-0.9379982948 
0.0311603546 
-0.0275797844 
-0.6453915834 
0.3775055408 
-0.4556097984 
-0.4270092249 
0.2842226028 
-0.6114282608 
0.0282769203 
-0.0629918575 
-0.5684494972 
0.3565328121 
-0.3148155212 
-0.1806373596 
0.1703855991 
-0.9041342735 
-0.0637888908 
-0.1124548912 
-0.7309794426 
0.2319417000 
-0.2572405338 
-0.0036165714 
0.2220956087 
-0.9115774632 
0.0811781883 
-0.0408992767 
-0.5702314377 
0.6694413424 
-0.3820997477 
-0.4647974968 
0.6366342306 
-0.3555078506 
-0.0706350803 
-0.1925060749 
-0.8160892725 
0.1371929646 
-0.4360682964 
-0.3437037468 
0.2870510817 
-0.6856846809 
-0.1175341606 
-0.2023668289 
-0.8677797318 
0.0399477482 
-0.3541952372 
-0.1581928730 
0.1717211604 
-0.7738627791 
-0.0282634497 
-0.2614024878 
-0.5194859505 
0.5929753780 
-0.7871516943 
-0.8232927322 
0.1819163561 
-0.9218602180 
-0.2520182133 
-0.2232314348 
-0.9196624756 
0.1672735214 
-0.6085759997 
-0.6562528610 
0.1486030221 
-0.9081767201 
-0.2956993580 
-0.2380295992 
-0.7957012057 
0.3380926847 
-0.3994190693 
-0.4161380529 
0.3301638365 
-0.7946025133 
-0.1962230206 
-0.2112437487 
-0.8044719696 
0.3517489433 
-0.5573283434 
-0.5804601908 
0.4407808781 
-0.7181105018 
-0.2243818045 
-0.2017729282 
-0.9384393692 
0.1881930828 
-0.6861939430 
-0.7631325722 
0.4824652672 
-0.6273988485 
-0.4089204073 
-0.3000734448 
-0.8816467524 
0.1468085051 
-0.6816507578 
-0.7368942499 
0.2456507683 
-0.8649897575 
-0.1232948303 
0.0447656512 
-1.1538325548 
-0.0432433486 
-0.3598971367 
-0.6237188578 
0.2412698269 
-0.7857918739 
-0.4270097613 
-0.1826632023 
-1.0070500374 
-0.0522012711 
-0.2361197472 
-0.4802666903 
-0.2444543839 
-1.1016142368 
-0.2064023018 
-0.1140536070 
-0.7464282513 
0.2679917812 
-0.5665092468 
-0.6739993095 
0.0573565066 
-0.9534387589 
-0.0437142849 
0.1076140404 
-0.7031674385 
0.3258582354 
-0.5626887083 
-0.7836825848 
-0.1671389341 
-1.2315158844 
0.0197954178 
0.1396660805 
-1.0429229736 
0.1916236877 
-0.6090364456 
-0.9668126106 
-0.2441096306 
-1.4214761257 
-0.1443424225 
0.0564908981 
-1.3300125599 
0.1606888771 
-0.4928642511 
-0.9480047226 
0.2327737808 
-1.1769025326 
-0.6333279610 
-0.0989961624 
-1.1512994766 
0.3013200760 
0.0274173021 
-0.4602785110 
0.3608517647 
-0.8781757355 
-0.2667288780 
0.0585546494 
-0.9018750191 
0.3851613998 
-0.4014905691 
-0.6696224213 
0.4648571014 
-1.0260181427 
-0.1053981781 
-0.0781378746 
-2.4162297249 
-0.5754480362 
-0.2219164371 
-1.2391510010 
-0.0293254852 
-1.1797006130 
-1.3419258595 
-0.2608406544 
-0.5986964703 
0.1737699509 
-0.5615911484 
-1.0116858482 
-0.0422301292 
-1.2622303963 
-0.8495006561 
-0.2708644867 
-1.1808378696 
-0.1134657860 
-0.6054809093 
-1.2285063267 
-0.6870830059 
-1.5552926064 
-0.2642128468 
-0.2508405447 
-1.8081662655 
-0.1108551025 
-0.6737329960 
-1.1505742073 
0.5050983429 
-1.1710405350 
-1.1492233276 
-0.1370797157 
-1.0034145117 
0.0474367142 
-0.6803245544 
-1.0728325844 
0.4775682092 
-1.1875157356 
-1.1786637306 
-0.2421073914 
-1.2707567215 
-0.2301011086 
-0.7035475969 
-1.2281103134 
0.0889997482 
-1.0465831757 
-0.5182266235 
0.1817283630 
-1.0227975845 
0.1350071430 
-0.4096851349 
-1.0235304832 
0.2145987749 
-0.9089331627 
-0.1733491421 
0.2264652252 
-1.4170145988 
0.0179162025 
-0.4361267090 
-1.3965156078 
-0.1650798917 
-1.3140912056 
-0.6787350774 
0.0091395378 
-1.3975231647 
0.0595812798 
-0.1786568165 
-1.2341475487 
-0.4489388466 
-1.0006108284 
0.2551574707 
-0.0637178421 
-1.8025894165 
-0.0493719578 
-1.1335568428 
-1.0996114016 
1.2574219704 
-1.5237046480 
-1.5694577694 
-0.2175097466 
-1.7726168633 
-0.3148284554 
-0.9603366852 
-1.0834001303 
1.4328752756 
-1.3770039082 
-1.7338384390 
0.0713433027 
-1.5236585140 
-0.2798642516 
-0.6754119396 
-1.1493911743 
1.1765882969 
-1.5383238792 
-2.1082317829 
-0.2926785946 
-2.1406462193 
-0.6398508549 
-0.1274638176 
-1.6176409721 
-0.0683715343 
-0.7520775795 
-0.7400221229 
-0.2262351513 
-1.8196394444 
-1.0939973593 
-1.8403987885 
-0.7179439068 
2.2676305771 
-1.2013280392 
-1.8366408348 
-0.3009779453 
-2.5764708519 
-2.0300383568 
-2.8094959259 
-1.3466222286 
2.6910691261 
-1.8597379923 
-2.4878220558 
0.4741679430 
-2.9072604179 
0.0349147320 
1.9844211340 
-2.8462800980 
-1.0861912966 
0.8690057993 
0.3528439999 
1.3915455341 
0.0459213257 
-0.3377044201 
0.1300117970 
1.6264243126 
4.3884067535 
2.9192571640 
1.8751442432 
1.3172836304 
-1.9105894566 
-5.2589602470 
-7.9773621559 
-1.4975457191 
4.0126996040 
-2.2994165421 
0.4566978216 
3.7719111443 
-0.5372543335 
8.8214454651 
11.1186933517 
-0.8098057508 
0.0804468095 
2.5411973000 
-0.4855308533 
-4.1321268082 
-9.0333700180 
-0.9021137357 
4.0066909790 
-6.8329176903 
-3.9145936966 
4.9707298279 
-0.0115391016 
-1.6289062500 
-2.6138257980 
-13.5757274628 
-11.6003742218 
5.9064512253 
10.0570154190 
8.8314914703 
10.5434837341 
-8.0405302048 
-19.0062599182 
-4.0794267654 
-6.5346059799 
-14.7959852219 
-5.5881924629 
2.6943588257 
5.5737862587 
-15.0803165436 
-29.5180664063 
2.4355788231 
0.5797026157 
-38.6736297607 
-22.3139801025 
8.6114864349 
7.4995675087 
8.1493310928 
2.9585361481 
-8.6474761963 
-10.6802291870 
-13.0140466690 
-7.9321703911 
8.4379768372 
13.5809001923 
4.0661716461 
0.6224930882 
0.6793653965 
-10.5541677475 
-21.5657463074 
-24.3658103943 
-11.2115325928 
-1.9098560810 
-34.4043159485 
-23.9050712585 
54.6705322266 
50.1431274414 
-0.5483710766 
20.6749134064 
31.6052265167 
13.0517349243 
6.6002140045 
-11.9707641602 
-11.8734855652 
-6.9912319183 
-20.5725975037 
1.7814236879 
25.7496299744 
19.9665889740 
19.8464736938 
5.1608967781 
-10.6303749084 
-4.9174251556 
-12.2290763855 
6.5897231102 
75.8722229004 
71.6250915527 
-19.9670886993 
-9.1551532745 
70.3878936768 
19.1561431885 
-47.3172760010 
-9.5143184662 
15.7672939301 
22.3591995239 
12.0884704590 
-5.1864748001 
37.6650009155 
-5.2335677147 
-98.3605651855 
-50.6696548462 
-26.9383316040 
-19.8974094391 
81.2887878418 
44.1210556030 
-51.6040573120 
-17.3893814087 
-24.8082256317 
-34.2727127075 
25.3761768341 
9.2329168320 
-22.4447937012 
6.9375085831 
29.6105041504 
6.6169867516 
-51.5906028748 
-45.9928550720 
1.5006207228 
-34.3815002441 
-68.4307708740 
-37.0247116089 
-25.7876892090 
-14.9613180161 
26.4191551208 
21.5441703796 
-18.4147033691 
14.8142433167 
