-19.2428169250 
-24.8309440613 
58.0561256409 
5.2699441910 
-125.5444259644 
-29.0118026733 
41.6637306213 
10.1249694824 
91.6135864258 
50.5043754578 
-50.5857353210 
15.6985826492 
3.9074544907 
-12.1717224121 
68.2938919067 
6.9641661644 
-35.7548522949 
24.9721107483 
8.6037273407 
23.9431362152 
48.0501976013 
-14.2939205170 
-42.7384948730 
-50.8134613037 
-49.2276000977 
-23.3453140259 
-28.4639167786 
24.0213909149 
95.0082855225 
37.3604660034 
-30.9886569977 
1.1685000658 
38.0108184814 
-5.3114786148 
-45.9982185364 
15.9307584763 
61.2930908203 
27.5365066528 
22.4351844788 
6.5334982872 
-37.4089851379 
-11.9470090866 
21.3764076233 
-9.6808004379 
-26.8887634277 
2.9012587070 
14.1030969620 
8.0076293945 
24.7440109253 
15.9404201508 
-0.3954024315 
27.5076599121 
28.0108222961 
16.3797702789 
23.9773330688 
-8.6870965958 
-23.0686206818 
-11.7939147949 
-19.7372322083 
-0.4205793142 
-3.8045978546 
-4.3456201553 
29.8451366425 
-36.2147789001 
-81.5433883667 
-18.6606674194 
-16.7316913605 
15.0959491730 
78.6292877197 
15.8539905548 
-14.2054395676 
17.6368446350 
-2.0628752708 
6.8955459595 
18.3137836456 
11.1935615540 
30.8484039307 
12.4882669449 
-4.1615643501 
5.1713418961 
-14.5261707306 
-6.3413238525 
7.2061519623 
-12.1567659378 
-4.9104976654 
-1.9588414431 
-11.0019464493 
5.1388750076 
9.4422330856 
-0.2867608070 
-0.7109196186 
10.1471614838 
18.5914916992 
5.0210785866 
-1.0166935921 
-2.6862118244 
-15.5519294739 
-0.1367442608 
13.5154571533 
-3.2075314522 
-4.3382253647 
7.9471678734 
7.8792724609 
-8.3794746399 
-18.9411087036 
-4.8621187210 
0.5468390584 
3.9980428219 
17.6964836121 
9.0513572693 
5.0062112808 
8.5829715729 
-2.5428559780 
2.5463256836 
4.7051229477 
0.1662920713 
10.2140254974 
-0.0293912888 
-5.4014873505 
4.7370915413 
-5.0765233040 
1.9586075544 
8.6693992615 
-8.2527093887 
-2.3834948540 
-2.9332194328 
-11.1793508530 
8.0132083893 
8.5028972626 
-3.1874835491 
1.6792812347 
0.6250567436 
2.2480020523 
3.8303775787 
-0.1446238160 
2.8951683044 
0.2158811688 
0.2563658953 
4.8369727135 
-0.5799207687 
1.4085838795 
5.7926635742 
2.8296375275 
1.9464097023 
-1.3886177540 
0.7332404852 
3.6972751617 
-1.1370012760 
2.0984010696 
2.8210108280 
-0.3657052517 
4.0684280396 
1.0711578131 
-0.5725877881 
2.2290959358 
-3.0527653694 
-1.2100938559 
2.4977848530 
0.2940849066 
2.0724802017 
0.5666414499 
0.4409644604 
2.4316706657 
-0.7040108442 
1.1316727400 
0.5125975609 
-1.8585672379 
3.2257163525 
1.6389048100 
0.1413113177 
2.7931938171 
-0.3409070969 
1.0742911100 
1.1677191257 
-1.5963740349 
3.1847710609 
1.8998029232 
-0.9401453733 
1.9809681177 
0.4274516106 
1.3973569870 
2.2660131454 
-0.1067886353 
2.1786196232 
0.9827233553 
-0.1830559373 
1.9878402948 
-0.1348571777 
0.9132375717 
1.6462864876 
-0.3849539757 
1.9431042671 
0.9217475653 
0.3673999310 
2.4047617912 
-0.1696944237 
0.8266549110 
1.6380407810 
-0.4907417297 
1.6668140888 
0.7151589394 
0.1644065976 
2.1507825851 
-0.1450004578 
0.8497965336 
1.1208188534 
-0.9043140411 
2.1524696350 
0.9634866714 
-0.6786916256 
1.6246075630 
-0.1057462692 
0.6625164151 
1.3671636581 
-0.5458705425 
1.8097481728 
0.8734099865 
-0.0532944202 
1.9813392162 
-0.7468886375 
0.2059431076 
2.2216815948 
-0.1813888550 
1.2502408028 
0.8566519022 
-0.5614714622 
1.5638320446 
0.5765354633 
0.8749746084 
1.5854010582 
-0.1663973927 
1.2267508507 
0.6612156630 
-0.1482746601 
1.4648646116 
-0.2471239567 
0.3238024712 
1.3408889771 
-0.3328475952 
1.3008116484 
0.9358782768 
-0.0673372746 
1.6871490479 
0.5839307308 
0.7037138939 
0.7997069359 
-0.5647163391 
1.4901752472 
0.7487931252 
-0.3435817957 
1.5083732605 
0.0877771378 
0.4401278496 
1.2583789825 
-0.4595832825 
0.8028664589 
0.4494700432 
0.0639066696 
1.4900798798 
-0.6554608345 
0.3865551949 
2.2038083076 
0.0686264038 
1.1615557671 
0.9521656036 
-0.4031591415 
1.2950533628 
0.1928317547 
0.1185141802 
1.1009080410 
-0.5538272858 
0.3683987856 
0.4761266708 
-0.2358541489 
1.1936683655 
0.0244455338 
0.1437854767 
1.2673645020 
-0.3831195831 
0.1229772568 
0.7016687393 
0.7325925827 
1.5390605927 
0.0468139648 
0.3612494469 
0.9604806900 
-0.4451370239 
0.7764269114 
0.5767435431 
-0.1512310505 
1.3096699715 
0.2669587135 
0.2980093956 
0.8781008720 
-0.4699273109 
0.5853581429 
0.4459462166 
-0.1848516464 
1.1679147482 
0.1703338623 
0.3534805775 
1.0035221577 
-0.2274847031 
0.8765826225 
0.5700194836 
-0.2193825245 
1.0206995010 
-0.1665349007 
0.1214056015 
1.0661365986 
-0.3748450279 
0.5622432232 
0.6098198891 
-0.1193990707 
1.0775421858 
0.0982652903 
0.0540150404 
0.5902317762 
-0.4667611122 
0.7473030090 
0.3613529205 
-0.6005845070 
1.0387396812 
0.3673982620 
0.1265025139 
0.6421511173 
-0.2508001328 
0.8600100279 
0.4186412096 
-0.4893453121 
0.9006257057 
0.0058249235 
0.0804208517 
0.8872528076 
-0.3047337532 
0.6394474506 
0.4811184406 
-0.3851413727 
0.8984041214 
0.0303434134 
0.0579611063 
0.8731706142 
-0.3648524284 
0.4373378754 
0.4202939272 
-0.3616697788 
0.7746529579 
-0.0269656181 
0.0726008415 
0.8605194092 
-0.1921782494 
0.6808710098 
0.4344412088 
-0.4422012568 
0.7198766470 
-0.1424315572 
0.0651706457 
0.9999155998 
-0.2350580692 
0.5317947865 
0.4849435091 
-0.3785909414 
0.5272707343 
-0.4510703087 
-0.0706391335 
0.9475078583 
-0.4352718592 
0.3958036900 
0.4447100163 
-0.4794088006 
0.7046103477 
-0.1024466753 
-0.0294816494 
0.9337444305 
-0.2656726837 
0.5777182579 
0.4813233614 
-0.5612419844 
0.8351645470 
0.0532913208 
-0.1925110817 
0.7759753466 
-0.6403241158 
-0.0670471191 
0.4297697544 
-0.3986418247 
0.5203793049 
-0.0986903906 
-0.0605119169 
0.8817683458 
-0.2713823915 
0.3743635416 
0.4826637506 
-0.5016840696 
0.6791921854 
0.1109669209 
-0.2932012081 
0.5635662079 
-0.1075546741 
0.5537774563 
0.3409569263 
-0.6026588678 
0.4732451439 
-0.2711462975 
-0.2804464698 
0.7001018524 
-0.4730868340 
0.2636730671 
0.5224952698 
-0.4030543864 
0.7370566130 
0.0700881481 
-0.2321299016 
0.6460704207 
-0.4052598476 
0.2489586771 
0.2972941101 
-0.6472183466 
0.7606279850 
0.1259311438 
-0.3135750294 
0.6686606407 
-0.6131124496 
-0.0847892761 
0.5184922218 
-0.4409637451 
0.5502643585 
0.0772435665 
-0.3217357397 
0.6210652590 
-0.4464988708 
0.0079340935 
0.4823598862 
-0.4887499809 
0.4660797119 
0.0483822823 
-0.4610748291 
0.5053939819 
-0.2212824821 
0.1937826276 
0.5503334999 
-0.3589347601 
0.3082451820 
-0.1714382172 
-0.3249464035 
0.5243282318 
-0.4720287323 
0.0597219467 
0.4510569572 
-0.4274835587 
0.5117964745 
0.0284910202 
-0.3918418884 
0.4560375214 
-0.4158935547 
0.0328941345 
0.2479395866 
-0.5630900264 
0.6289019585 
0.1505870819 
-0.2907810211 
0.6266822815 
-0.5408229828 
-0.1332521439 
0.4945621490 
-0.5127687454 
0.3413486481 
0.0170946121 
-0.4548010826 
0.5031913519 
-0.3826901913 
-0.0396242142 
0.4661626816 
-0.5061969757 
0.3802146912 
0.0416769981 
-0.6154174805 
0.3833904266 
-0.2974472046 
-0.0585842133 
0.5126695633 
-0.4227190018 
0.1030912399 
-0.0706863403 
-0.3172016144 
0.4919815063 
-0.3034784794 
0.0013085604 
0.4051461220 
-0.4584603310 
0.2928857803 
-0.0067648888 
-0.4517164230 
0.3544340134 
-0.4219455719 
-0.1885149479 
0.1726799011 
-0.5945489407 
0.2307281494 
0.0281352997 
-0.1425065994 
0.6023139954 
-0.5592880249 
-0.1646022797 
0.4917049408 
-0.5305776596 
0.1970443726 
0.0474452972 
-0.3705062866 
0.5055484772 
-0.2969055176 
-0.1352672577 
0.1794357300 
-0.7046365738 
0.2522010803 
-0.0774309635 
-0.7649917603 
0.3297281265 
-0.2444038391 
-0.1212964058 
0.4055213928 
-0.4689826965 
0.1750755310 
0.0946645737 
-0.2910867929 
0.4800543785 
-0.3298110962 
-0.1974005699 
0.2192020416 
-0.6517934799 
0.1182079315 
-0.0388431549 
-0.5744056702 
0.3562793732 
-0.1881999969 
-0.2183666229 
-0.0389022827 
-0.6376695633 
0.3792715073 
0.0538692474 
-0.5344047546 
0.4410343170 
-0.2366123199 
-0.2118605375 
0.1183872223 
-0.6382009983 
0.2287178040 
0.0094089508 
-0.4696655273 
0.4084024429 
-0.4306116104 
-0.2504124641 
0.2866096497 
-0.6736116409 
0.0486516953 
-0.0416250229 
-0.5136070251 
0.3662264347 
-0.3990354538 
-0.2413735390 
0.2899684906 
-0.6286144257 
0.1124658585 
-0.0299463272 
-0.5937852859 
0.3240833282 
-0.3999938965 
-0.2945089340 
0.2762508392 
-0.6304030418 
0.0537910461 
0.0318843126 
-0.4035311937 
0.3407251835 
-0.5697803497 
-0.2595863342 
0.4780960083 
-0.7228555679 
-0.2070751190 
-0.0536608696 
-0.4763488770 
0.2279167175 
-0.5769777298 
-0.2746095657 
0.4176187515 
-0.5991787910 
0.0945796967 
0.0165076256 
-0.6534948349 
0.2999153137 
-0.3694734573 
-0.3828680515 
0.2059445381 
-0.6607210636 
0.0499920845 
-0.0204095840 
-0.6272337437 
0.2879484892 
-0.4371557236 
-0.3189153671 
0.3639402390 
-0.6997232437 
-0.0946900845 
-0.0613613129 
-0.6944799423 
0.2005743980 
-0.4474072456 
-0.3904769421 
0.2448611259 
-0.6251668930 
0.1054453850 
-0.1069322824 
-0.8889524937 
0.2702507973 
-0.2900321484 
-0.4526004791 
0.1460943222 
-0.5437557697 
0.2765529752 
-0.1743223667 
-1.0972185135 
0.3530707359 
-0.1962969303 
-0.5290594101 
0.1972486973 
-0.7549915910 
-0.1826655865 
-0.1316267252 
-0.8895683289 
0.1289281845 
-0.4502544403 
-0.4339051247 
0.4370408058 
-0.6583577394 
-0.0763983727 
0.1469373703 
-0.6938961744 
0.3628937006 
-0.1458454132 
-0.6474280357 
-0.0182118416 
-0.6939165592 
-0.1257886887 
-0.1989454329 
-0.9459123611 
0.1417632103 
-0.3856362700 
-0.4876947403 
0.3510726094 
-0.7399300337 
-0.2878088951 
0.1250033081 
-0.5886388421 
-0.0343682766 
-0.6208592653 
-0.3448073864 
0.4850832224 
-0.7396339178 
-0.1949504614 
-0.0001727939 
-0.8890881538 
0.0437045097 
-0.5398736000 
-0.6873400211 
0.1778379977 
-0.8651062846 
-0.2811433077 
-0.0269517899 
-0.8745423555 
0.2296998501 
-0.3001384735 
-0.5543512106 
0.3595941961 
-0.9030334949 
-0.4720383883 
0.1532009840 
-0.7774223089 
-0.0284590721 
-0.4519205093 
-0.7698266506 
0.1220762730 
-0.7537335157 
-0.2972842455 
0.1342301369 
-0.7272053957 
0.0458147526 
-0.3996775150 
-0.6568150520 
0.1966779232 
-0.8437548876 
-0.4532066584 
0.0865101814 
-0.8159399033 
-0.1856918335 
-0.5075521469 
-0.6800234318 
0.2051438093 
-0.4343176484 
-0.0037807226 
-0.0704822540 
-0.9838562012 
0.0630698204 
-0.4908671379 
-0.9090743065 
0.0691703558 
-0.7140171528 
-0.2060781717 
0.1344056129 
-0.7805314064 
0.0130803585 
-0.5466909409 
-0.7732098103 
0.0759167671 
-1.2046043873 
-0.6168870926 
0.1669874191 
-0.7845160961 
0.1391179562 
-0.2279205322 
-0.7619438171 
0.1597833633 
-0.8856565952 
-0.5826334953 
0.0906343460 
-0.9649316669 
-0.3588094711 
-0.5698707104 
-0.8962306976 
0.0712378025 
-0.6008040905 
-0.2782938480 
-0.0477652550 
-0.9691762924 
0.0136432648 
-0.4218254089 
-1.0808167458 
-0.0455523729 
-0.6059374809 
-0.3533394337 
-0.1719567776 
-1.0332978964 
-0.0071232319 
-0.4460394979 
-1.0709941387 
-0.0082098246 
-0.5766499043 
-0.2673739195 
0.0299332142 
-0.7807517052 
0.1565780640 
-0.2915287018 
-0.7905007601 
0.0327305794 
-0.8846056461 
-0.5448322296 
-0.4209172726 
-1.1154942513 
0.6505475044 
-0.0646133423 
-1.4321079254 
-0.0616078377 
-0.5180889368 
-0.5999183655 
-0.3447256088 
-1.1052126884 
0.0859909058 
-0.1945343018 
-0.7230868340 
0.2827849388 
-1.0572786331 
-0.7701416016 
0.3355746269 
-1.2452702522 
-1.0878558159 
-0.8047180176 
-1.1035866737 
-0.1664676666 
-0.5787878036 
-0.6009291410 
-0.5796062946 
-1.0727452040 
0.2019917965 
-0.1551685333 
-0.6531351805 
0.3124971390 
-0.6949844360 
-0.5627589822 
-0.1027488708 
-1.1313648224 
-0.4566497803 
-0.4170684814 
-0.3171968460 
0.1493062973 
-1.4342813492 
-0.7897720337 
-0.1016120911 
-1.2652945518 
-0.2571191788 
-0.3590345383 
-0.4603093863 
0.2723851800 
-1.4196503162 
-0.5696053505 
0.4362130165 
-1.0781836510 
0.0238194466 
-0.2682023048 
-1.1803469658 
0.1817946434 
-0.7655496597 
-0.7352069616 
-0.1090469360 
-1.2250664234 
-0.1249377728 
-0.2999129295 
-0.9712796211 
0.1838619709 
-0.9146244526 
-0.8409981728 
-0.4018607140 
-1.4099502563 
0.0527155399 
-0.5027995110 
-1.4787037373 
0.2298855782 
-0.6598644257 
-0.7685545683 
-0.3111480474 
-1.4398680925 
-0.0558553934 
-0.7100205421 
-1.8187389374 
0.2149181366 
-0.4731259346 
-0.5672345161 
0.1578836441 
-1.2664217949 
-0.4379022121 
-0.8034276962 
-1.6840819120 
-0.4300066233 
-1.6145141125 
-0.8091921806 
0.6999651194 
-1.1598562002 
-0.4406194687 
-0.0343360901 
-0.6787898540 
-0.0646326542 
-1.6456575394 
-0.7719388008 
0.3813215494 
-1.2564908266 
0.3793611526 
-0.4509830475 
-2.2079329491 
0.7934111357 
0.2887752056 
-0.5609173775 
0.5526309013 
-1.0805678368 
-0.5898895264 
-0.1074652672 
-0.7777757645 
-0.5477329493 
-2.3355517387 
-0.7519553900 
0.8545505404 
-1.4048889875 
0.1802043915 
-0.2355358601 
-1.5401828289 
0.4260767698 
-2.0897145271 
0.7374948859 
4.7137470245 
-3.4254751205 
-4.5539112091 
0.9469133615 
-0.5753958225 
-0.1562087536 
-0.5596366525 
-2.1531748772 
-0.6123486757 
-3.5682580471 
-4.0655326843 
-1.7490062714 
-3.9522891045 
-1.3652650118 
0.0101200342 
-4.5650906563 
-2.7253704071 
-1.6495323181 
-2.9874258041 
4.7274508476 
7.4721555710 
-2.6312477589 
-5.0618886948 
2.1120107174 
2.0635476112 
-0.3447347581 
1.8433860540 
-0.5147160888 
-2.2490606308 
3.5097737312 
4.4239344597 
-1.5773340464 
-2.1658942699 
5.0895662308 
7.0809116364 
-2.4735493660 
-5.7460880280 
2.5277435780 
1.9322468042 
-8.8982830048 
-10.0798225403 
0.8661012053 
3.1147744656 
-6.1164879799 
-5.8072614670 
0.1615018845 
-1.3097099066 
-4.0259790421 
-4.4539165497 
-0.6158397198 
1.0687533617 
-2.2153260708 
0.8116871119 
-1.1887015104 
-2.7573266029 
7.4882669449 
3.7138452530 
5.5082159042 
10.4719715118 
-25.1381645203 
-31.4047431946 
8.5475711823 
1.7979094982 
-16.8377017975 
-5.8978853226 
-3.6205105782 
2.3754754066 
7.9071912766 
7.3443112373 
13.5267152786 
7.0395140648 
14.0953922272 
15.8653068542 
-30.1800537109 
-31.6839294434 
12.1276798248 
1.9368364811 
-16.0468883514 
-2.5105652809 
8.5918483734 
18.5461101532 
19.0807228088 
20.0857810974 
32.4029769897 
22.0518798828 
-4.5609936714 
-14.2831754684 
-8.5442218781 
-19.0242080688 
-48.2131462097 
-44.0921783447 
-21.6107444763 
-21.3970108032 
-12.5490951538 
-0.1266018748 
13.3179225922 
26.2583522797 
-9.7798194885 
-10.3537635803 
53.0877609253 
21.1583747864 
-49.6770477295 
-32.0204277039 
-17.5058002472 
-20.9257354736 
-2.9872255325 
0.0844708979 
7.9668397903 
15.9281015396 
23.6286354065 
34.0224456787 
-15.6840076447 
-9.2891902924 
92.2042999268 
41.0178833008 
-77.4115829468 
-40.1853637695 
-11.7444868088 
-28.8657836914 
12.8710947037 
9.1997756958 
-16.0955772400 
7.5375080109 
3.9127070904 
-2.7111158371 
5.7907652855 
-9.8761558533 
-20.5108413696 
-13.1422653198 
20.7391128540 
22.8658561707 
-37.6914138794 
-7.2405633926 
65.1224212646 
8.1157627106 
-54.9171676636 
-42.7351226807 
-30.2243614197 
-40.2800254822 
-82.0247268677 
-54.7779769897 
37.6824951172 
-7.3813037872 
-102.3863449097 
-47.2164077759 
30.0524864197 
-16.3053035736 
-69.9341430664 
-29.3523120880 
