-0.2387193143 
-0.2647028863 
-0.2913966179 
-0.3185730278 
-0.3459854126 
-0.3733711243 
-0.4004550278 
-0.4269534349 
-0.4525782764 
-0.4770414233 
-0.5000596642 
-0.5213595629 
-0.5406818390 
-0.5577853918 
-0.5724512339 
-0.5844855309 
-0.5937222838 
-0.6000257134 
-0.6032916903 
-0.6034489274 
-0.6004593372 
-0.5943180919 
-0.5850532651 
-0.5727243423 
-0.5574212074 
-0.5392621160 
-0.5183913112 
-0.4949764311 
-0.4692057371 
-0.4412847161 
-0.4114327431 
-0.3798794448 
-0.3468609452 
-0.3126163185 
-0.2773835361 
-0.2413961589 
-0.2048797607 
-0.1680489331 
-0.1311045438 
-0.0942316502 
-0.0575977899 
-0.0213248692 
0.0145013398 
0.0497993790 
0.0844922289 
0.1185073331 
0.1517765969 
0.1842363924 
0.2158273607 
0.2464943379 
0.2761861682 
0.3048554659 
0.3324584365 
0.3589546084 
0.3843065500 
0.4084797502 
0.4314422309 
0.4531643987 
0.4736187756 
0.4927799106 
0.5106239915 
0.5271289945 
0.5422742963 
0.5560407639 
0.5684106946 
0.5793677568 
0.5888969302 
0.5969849229 
0.6036197543 
0.6087914109 
0.6124916077 
0.6147143245 
0.6154556870 
0.6147143245 
0.6124916077 
0.6087914109 
0.6036197543 
0.5969849229 
0.5888969302 
0.5793677568 
0.5684106946 
0.5560407639 
0.5422742963 
0.5271289945 
0.5106239915 
0.4927799106 
0.4736187756 
0.4531643987 
0.4314422309 
0.4084797502 
0.3843065500 
0.3589546084 
0.3324584365 
0.3048554659 
0.2761861682 
0.2464943379 
0.2158273607 
0.1842363924 
0.1517765969 
0.1185073331 
0.0844922289 
0.0497993790 
0.0145013398 
-0.0213248692 
-0.0575977899 
-0.0942316502 
-0.1311366111 
-0.1682190001 
-0.2053817660 
-0.2425249368 
-0.2795461714 
-0.3163413703 
-0.3528053463 
-0.3888325393 
-0.4243177474 
-0.4591568708 
-0.4932476878 
-0.5264907479 
-0.5587899089 
-0.5900532603 
-0.6201938391 
-0.6491301656 
-0.6767869592 
-0.7030957937 
-0.7279955149 
-0.7514327168 
-0.7733620405 
-0.7937467098 
-0.8125585318 
-0.8297780752 
-0.8453950286 
-0.8594076633 
-0.8718233109 
-0.8826578259 
-0.8919354677 
-0.8996886015 
-0.9059574604 
-0.9107895494 
-0.9142389297 
-0.9163654447 
-0.9172344804 
-0.9169166088 
-0.9154871702 
-0.9130259752 
-0.9096167684 
-0.9053468704 
-0.9003067017 
-0.8945891261 
-0.8882889748 
-0.8815025687 
-0.8743268847 
-0.8668593168 
-0.8591964841 
-0.8514342308 
-0.8436663747 
-0.8359845281 
-0.8284771442 
-0.8212290406 
-0.8143206835 
-0.8078276515 
-0.8018200994 
-0.7963622212 
-0.7915117145 
-0.7873194814 
-0.7838290334 
-0.7810764909 
-0.7790901065 
-0.7778901458 
-0.7774888277 
-0.7778901458 
-0.7790901065 
-0.7810766697 
-0.7838297486 
-0.7873216867 
-0.7915174961 
-0.7963750958 
-0.8018459082 
-0.8078754544 
-0.8144037724 
-0.8213661909 
-0.8286940455 
-0.8363151550 
-0.8441550136 
-0.8521371484 
-0.8601840138 
-0.8682179451 
-0.8761616945 
-0.8839392066 
-0.8914765120 
-0.8987020850 
-0.9055478573 
-0.9119496346 
-0.9178475142 
-0.9231866002 
-0.9279175401 
-0.9319965839 
-0.9353861213 
-0.9380552173 
-0.9399793148 
-0.9411408305 
-0.9415291548 
-0.9411408305 
-0.9399792552 
-0.9380549788 
-0.9353851676 
-0.9319934249 
-0.9279094934 
-0.9231687784 
-0.9178119302 
-0.9118841290 
-0.9054348469 
-0.8985169530 
-0.8911862969 
-0.8835007548 
-0.8755199313 
-0.8673042655 
-0.8589143753 
-0.8504104018 
-0.8418513536 
-0.8332946897 
-0.8247954249 
-0.8164057136 
-0.8081746101 
-0.8001471162 
-0.7923643589 
-0.7848629355 
-0.7776746750 
-0.7708268762 
-0.7643415332 
-0.7582359910 
-0.7525225878 
-0.7472088337 
-0.7422977686 
-0.7377880812 
-0.7336743474 
-0.7299474478 
-0.7265949845 
-0.7236016393 
-0.7209495902 
-0.7186189294 
-0.7165883183 
-0.7148351073 
-0.7133359313 
-0.7120672464 
-0.7110053897 
-0.7101272345 
-0.7094104290 
-0.7088335156 
-0.7083764076 
-0.7080204487 
-0.7077485323 
-0.7075452209 
-0.7073969841 
-0.7072919011 
-0.7072198391 
-0.7071722746 
-0.7071423531 
-0.7071245909 
-0.7071148157 
-0.7071099281 
-0.7071077824 
-0.7071070075 
-0.7071068287 
-0.7071067691 
-0.7071067691 
-0.7071067691 
-0.7071068287 
-0.7071070075 
-0.7071077824 
-0.7071099281 
-0.7071148157 
-0.7071245909 
-0.7071423531 
-0.7071722746 
-0.7072198391 
-0.7072919011 
-0.7073969841 
-0.7075452209 
-0.7077485323 
-0.7080204487 
-0.7083764076 
-0.7088335156 
-0.7094104290 
-0.7101272345 
-0.7110053897 
-0.7120672464 
-0.7133359313 
-0.7148351073 
-0.7165883183 
-0.7186189294 
-0.7209495902 
-0.7236016393 
-0.7265949845 
-0.7299474478 
-0.7336743474 
-0.7377880812 
-0.7422977686 
-0.7472088337 
-0.7525225282 
-0.7582358122 
-0.7643408179 
-0.7708246112 
-0.7776689529 
-0.7848500609 
-0.7923385501 
-0.8000993133 
-0.8080914617 
-0.8162685633 
-0.8245785236 
-0.8329640627 
-0.8413627148 
-0.8497074842 
-0.8579268456 
-0.8659456372 
-0.8736851811 
-0.8810641170 
-0.8879988194 
-0.8944039941 
-0.9001936913 
-0.9052814245 
-0.9095811844 
-0.9130081534 
-0.9154791236 
-0.9169135094 
-0.9172335267 
-0.9163652062 
-0.9142389297 
-0.9107895494 
-0.9059574604 
-0.8996886015 
-0.8919354677 
-0.8826578259 
-0.8718233109 
-0.8594076633 
-0.8453950286 
-0.8297780752 
-0.8125585318 
-0.7937467098 
-0.7733620405 
-0.7514327168 
-0.7279955149 
-0.7030957937 
-0.6767869592 
-0.6491301656 
-0.6201938391 
-0.5900532603 
-0.5587899089 
-0.5264907479 
-0.4932476878 
-0.4591568708 
-0.4243177474 
-0.3888325393 
-0.3528053463 
-0.3163413703 
-0.2795461714 
-0.2425249368 
-0.2053817660 
-0.1682190001 
-0.1311366111 
-0.0942316502 
-0.0575977899 
-0.0213248692 
0.0145013398 
0.0497993790 
0.0844922289 
0.1185073331 
0.1517765969 
0.1842363924 
0.2158273607 
0.2464943379 
0.2761861682 
0.3048554659 
0.3324584365 
0.3589546084 
0.3843065500 
0.4084797502 
0.4314422309 
0.4531643987 
0.4736187756 
0.4927799106 
0.5106239915 
0.5271289945 
0.5422742963 
0.5560407639 
0.5684106946 
0.5793677568 
0.5888969302 
0.5969849229 
0.6036197543 
0.6087914109 
0.6124916077 
0.6147143245 
0.6154556870 
0.6147143245 
0.6124916077 
0.6087914109 
0.6036197543 
0.5969849229 
0.5888969302 
0.5793677568 
0.5684106946 
0.5560407639 
0.5422742963 
0.5271289945 
0.5106239915 
0.4927799106 
0.4736187756 
0.4531643987 
0.4314422309 
0.4084797502 
0.3843065500 
0.3589546084 
0.3324584365 
0.3048554659 
0.2761861682 
0.2464943379 
0.2158273607 
0.1842363924 
0.1517765969 
0.1185073331 
0.0844922289 
0.0497993790 
0.0145013398 
-0.0213248692 
-0.0575977899 
-0.0942316502 
-0.1311366111 
-0.1682190001 
-0.2053817660 
-0.2425249368 
-0.2795461714 
-0.3163413703 
-0.3528053463 
-0.3888325393 
-0.4243177474 
-0.4591568708 
-0.4932476878 
-0.5264907479 
-0.5587899089 
-0.5900532603 
-0.6201938391 
-0.6491301656 
-0.6767869592 
-0.7030957937 
-0.7279955149 
-0.7514327168 
-0.7733620405 
-0.7937467098 
-0.8125585318 
-0.8297780752 
-0.8453950286 
-0.8594076633 
-0.8718233109 
-0.8826578259 
-0.8919354677 
-0.8996886015 
-0.9059574604 
-0.9107895494 
-0.9142389297 
-0.9163654447 
-0.9172344804 
-0.9169166088 
-0.9154871702 
-0.9130259752 
-0.9096167684 
-0.9053468704 
-0.9003067017 
-0.8945891261 
-0.8882889748 
-0.8815025687 
-0.8743268847 
-0.8668593168 
-0.8591964841 
-0.8514342308 
-0.8436663747 
-0.8359845281 
-0.8284771442 
-0.8212290406 
-0.8143206835 
-0.8078276515 
-0.8018200994 
-0.7963622212 
-0.7915117145 
-0.7873194814 
-0.7838290334 
-0.7810764909 
-0.7790901065 
-0.7778901458 
-0.7774888277 
-0.7778901458 
-0.7790901065 
-0.7810766697 
-0.7838297486 
-0.7873216867 
-0.7915174961 
-0.7963750958 
-0.8018459082 
-0.8078754544 
-0.8144037724 
-0.8213661909 
-0.8286940455 
-0.8363151550 
-0.8441550136 
-0.8521371484 
-0.8601840138 
-0.8682179451 
-0.8761616945 
-0.8839392066 
-0.8914765120 
-0.8987020850 
-0.9055478573 
-0.9119496346 
-0.9178475142 
-0.9231866002 
-0.9279175401 
-0.9319965839 
-0.9353861213 
-0.9380552173 
-0.9399793148 
-0.9411408305 
-0.9415291548 
-0.9411408305 
-0.9399792552 
-0.9380549788 
-0.9353851676 
-0.9319934249 
-0.9279094934 
-0.9231687784 
-0.9178119302 
-0.9118841290 
-0.9054348469 
-0.8985169530 
-0.8911862969 
-0.8835007548 
-0.8755199313 
-0.8673042655 
-0.8589143753 
-0.8504104018 
-0.8418513536 
-0.8332946897 
-0.8247954249 
-0.8164057136 
-0.8081746101 
-0.8001471162 
-0.7923643589 
-0.7848629355 
-0.7776746750 
-0.7708268762 
-0.7643415332 
-0.7582359910 
-0.7525225878 
-0.7472088337 
-0.7422977686 
-0.7377880812 
-0.7336743474 
-0.7299474478 
-0.7265949845 
-0.7236016393 
-0.7209495902 
-0.7186189294 
-0.7165883183 
-0.7148351073 
-0.7133359313 
-0.7120672464 
-0.7110053897 
-0.7101272345 
-0.7094104290 
-0.7088335156 
-0.7083764076 
-0.7080204487 
-0.7077485323 
-0.7075452209 
-0.7073969841 
-0.7072919011 
-0.7072198391 
-0.7071722746 
-0.7071423531 
-0.7071245909 
-0.7071148157 
-0.7071099281 
-0.7071077824 
-0.7071070075 
-0.7071068287 
-0.7071067691 
-0.7071067691 
-0.7071067691 
-0.7071067691 
-0.7071067691 
-0.7071067691 
-0.7071067691 
-0.7071067691 
-0.7071067691 
-0.7071067691 
-0.7071067691 
-0.7071067691 
-0.7071067691 
-0.7071067691 
-0.7071067691 
-0.7071067691 
-0.7071067691 
-0.7071067691 
-0.7071067691 
-0.7071067691 
-0.7071067691 
-0.7071067691 
-0.7071067691 
-0.7071067691 
-0.7071067691 
-0.7071067691 
-0.7071067691 
-0.7071067691 
-0.7071067691 
-0.7071067691 
-0.7071067691 
-0.7071067691 
-0.7071067691 
-0.7071067691 
-0.7071067691 
-0.7071067691 
-0.7071067691 
-0.7071067691 
-0.7071067691 
-0.7071067691 
-0.7071067691 
-0.7071067691 
-0.7071067691 
-0.7071067691 
-0.7071067691 
-0.7071067691 
-0.7071067691 
-0.7071067691 
-0.7071067691 
-0.7071067691 
-0.7071067691 
-0.7071067691 
-0.7071067691 
-0.7071067691 
-0.7071067691 
-0.7071067691 
-0.7071067691 
-0.7071067691 
-0.7071067691 
-0.7071067691 
-0.7071067691 
-0.7071067691 
-0.7071067691 
-0.7071067691 
-0.7071067691 
-0.7071067691 
-0.7071067691 
-0.7071068287 
-0.7071070075 
-0.7071077824 
-0.7071099281 
-0.7071148157 
-0.7071245909 
-0.7071423531 
-0.7071722746 
-0.7072198391 
-0.7072919011 
-0.7073969841 
-0.7075452209 
-0.7077485323 
-0.7080204487 
-0.7083764076 
-0.7088335156 
-0.7094104290 
-0.7101272345 
-0.7110053897 
-0.7120672464 
-0.7133359313 
-0.7148351073 
-0.7165883183 
-0.7186189294 
-0.7209495902 
-0.7236016393 
-0.7265949845 
-0.7299474478 
-0.7336743474 
-0.7377880812 
-0.7422977686 
-0.7472088337 
-0.7525225878 
-0.7582359910 
-0.7643415332 
-0.7708268762 
-0.7776746750 
-0.7848629355 
-0.7923643589 
-0.8001471162 
-0.8081746101 
-0.8164057136 
-0.8247954249 
-0.8332946897 
-0.8418513536 
-0.8504104018 
-0.8589143753 
-0.8673042655 
-0.8755199313 
-0.8835007548 
-0.8911862969 
-0.8985169530 
-0.9054348469 
-0.9118841290 
-0.9178119302 
-0.9231687784 
-0.9279094934 
-0.9319934249 
-0.9353851676 
-0.9380549788 
-0.9399792552 
-0.9411408305 
-0.9415291548 
-0.9411408305 
-0.9399793148 
-0.9380552173 
-0.9353861213 
-0.9319965839 
-0.9279175401 
-0.9231866002 
-0.9178475142 
-0.9119496346 
-0.9055478573 
-0.8987020850 
-0.8914765120 
-0.8839392066 
-0.8761616945 
-0.8682179451 
-0.8601840138 
-0.8521371484 
-0.8441550136 
-0.8363151550 
-0.8286940455 
-0.8213661909 
-0.8144037724 
-0.8078754544 
-0.8018459082 
-0.7963750958 
-0.7915174961 
-0.7873216867 
-0.7838297486 
-0.7810766697 
-0.7790901065 
-0.7778901458 
-0.7774888277 
-0.7778901458 
-0.7790901065 
-0.7810766697 
-0.7838297486 
-0.7873216867 
-0.7915174961 
-0.7963750958 
-0.8018459082 
-0.8078754544 
-0.8144037724 
-0.8213661909 
-0.8286940455 
-0.8363151550 
-0.8441550136 
-0.8521371484 
-0.8601840138 
-0.8682179451 
-0.8761616945 
-0.8839392066 
-0.8914765120 
-0.8987020850 
-0.9055478573 
-0.9119496346 
-0.9178475142 
-0.9231866002 
-0.9279175401 
-0.9319965839 
-0.9353861213 
-0.9380552173 
-0.9399793148 
-0.9411408305 
-0.9415291548 
-0.9411408305 
-0.9399793148 
-0.9380552173 
-0.9353861213 
-0.9319965839 
-0.9279175401 
-0.9231866002 
-0.9178475142 
-0.9119496346 
-0.9055478573 
-0.8987020850 
-0.8914765120 
-0.8839392066 
-0.8761616945 
-0.8682179451 
-0.8601840138 
-0.8521371484 
-0.8441550136 
-0.8363151550 
-0.8286940455 
-0.8213661909 
-0.8144037724 
-0.8078754544 
-0.8018459082 
-0.7963750958 
-0.7915174961 
-0.7873216867 
-0.7838297486 
-0.7810766697 
-0.7790901065 
-0.7778901458 
-0.7774888277 
-0.7778901458 
-0.7790901065 
-0.7810764909 
-0.7838290334 
-0.7873194814 
-0.7915117145 
-0.7963622212 
-0.8018200994 
-0.8078276515 
-0.8143206835 
-0.8212290406 
-0.8284771442 
-0.8359845281 
-0.8436663747 
-0.8514342308 
-0.8591964841 
-0.8668593168 
-0.8743268847 
-0.8815025687 
-0.8882889748 
-0.8945891261 
-0.9003067017 
-0.9053468704 
-0.9096167684 
-0.9130259752 
-0.9154871702 
-0.9169166088 
-0.9172344804 
-0.9163654447 
-0.9142389297 
-0.9107895494 
-0.9059574604 
-0.8996886015 
-0.8919354677 
-0.8826578259 
-0.8718233109 
-0.8594076633 
-0.8453950286 
-0.8297780752 
-0.8125585318 
-0.7937467098 
-0.7733620405 
-0.7514327168 
-0.7279955149 
-0.7030957937 
-0.6767869592 
-0.6491301656 
-0.6201938391 
-0.5900532603 
-0.5587899089 
-0.5264907479 
-0.4932476878 
-0.4591568708 
-0.4243177474 
-0.3888325393 
-0.3528053463 
-0.3163413703 
-0.2795461714 
-0.2425249368 
-0.2053817660 
-0.1682190001 
-0.1311366111 
-0.0942316502 
-0.0575977899 
-0.0213248692 
0.0145013398 
0.0497993790 
0.0844922289 
0.1185073331 
0.1517765969 
0.1842363924 
0.2158273607 
0.2464943379 
0.2761861682 
0.3048554659 
0.3324584365 
0.3589546084 
0.3843065500 
0.4084797502 
0.4314422309 
0.4531643987 
0.4736187756 
0.4927799106 
0.5106239915 
0.5271289945 
0.5422742963 
0.5560407639 
0.5684106946 
0.5793677568 
0.5888969302 
0.5969849229 
0.6036197543 
0.6087914109 
0.6124916077 
0.6147143245 
0.6154556870 
0.6147143245 
0.6124920845 
0.6087942719 
0.6036298871 
0.5970112681 
0.5889543891 
0.5794786215 
0.5686069131 
0.5563653708 
0.5427834392 
0.5278939605 
0.5117326975 
0.4943386316 
0.4757536650 
0.4560225904 
0.4351928830 
0.4133147597 
0.3904409409 
0.3666265309 
0.3419288695 
0.3164074421 
0.2901237905 
0.2631412148 
0.2355246842 
0.2073407769 
0.1786573529 
0.1495435238 
0.1200694516 
0.0903061032 
0.0603252091 
0.0301989801 
0.0000000000 
-0.0301989801 
-0.0603252091 
-0.0903061032 
-0.1200694516 
-0.1495435238 
-0.1786573529 
-0.2073407769 
-0.2355246842 
-0.2631412148 
-0.2901237905 
-0.3164074421 
-0.3419288695 
-0.3666265309 
-0.3904409409 
-0.4133147597 
-0.4351928830 
-0.4560225904 
-0.4757536650 
-0.4943386316 
-0.5117326975 
-0.5278939605 
-0.5427834392 
-0.5563653708 
-0.5686069131 
-0.5794786215 
-0.5889543891 
-0.5970112681 
-0.6036298871 
-0.6087942719 
-0.6124920845 
-0.6147143245 
-0.6154556870 
-0.6147143245 
-0.6124916077 
-0.6087914109 
-0.6036197543 
-0.5969849229 
-0.5888969302 
-0.5793677568 
-0.5684106946 
-0.5560407639 
-0.5422742963 
-0.5271289945 
-0.5106239915 
-0.4927799106 
-0.4736187756 
-0.4531643987 
-0.4314422309 
-0.4084797502 
-0.3843065500 
-0.3589546084 
-0.3324584365 
-0.3048554659 
-0.2761861682 
-0.2464943379 
-0.2158273607 
-0.1842363924 
-0.1517765969 
-0.1185073331 
-0.0844922289 
-0.0497993790 
-0.0145013398 
0.0213248692 
0.0575977899 
0.0942316502 
0.1311365962 
0.1682188362 
0.2053810656 
0.2425226867 
0.2795403898 
0.3163284957 
0.3527795374 
0.3887847364 
0.4242346287 
0.4590196908 
0.4930308461 
0.5261601210 
0.5583012700 
0.5893503428 
0.6192063093 
0.6477714777 
0.6749522090 
0.7006591558 
0.7248080373 
0.7473197579 
0.7681208849 
0.7871440053 
0.8043277860 
0.8196174502 
0.8329646587 
0.8443277478 
0.8536716700 
0.8609680533 
0.8661950827 
0.8693373203 
0.8703857660 
0.8693373203 
0.8661946058 
0.8609651327 
0.8536615372 
0.8443014026 
0.8329072595 
0.8195065856 
0.8041316271 
0.7868193984 
0.7676117420 
0.7465547919 
0.7236993313 
0.6991004348 
0.6728172898 
0.6449133158 
0.6154556870 
0.5845153332 
0.5521668792 
0.5184882283 
0.4835604429 
0.4474677145 
0.4102970064 
0.3721378744 
0.3330821991 
0.2932241261 
0.2526596487 
0.2114864886 
0.1698038429 
0.1277121156 
0.0853127167 
0.0427078083 
0.0000000000 
-0.0427078083 
-0.0853127390 
-0.1277122796 
-0.1698045433 
-0.2114887238 
-0.2526654005 
-0.2932369709 
-0.3331080079 
-0.3721856773 
-0.4103800952 
-0.4476048946 
-0.4837772846 
-0.5188188553 
-0.5526555181 
-0.5852182508 
-0.6164432168 
-0.6462719440 
-0.6746520996 
-0.7015370727 
-0.7268868089 
-0.7506677508 
-0.7728528976 
-0.7934221625 
-0.8123623133 
-0.8296672106 
-0.8453376293 
-0.8593813181 
-0.8718132377 
-0.8826549053 
-0.8919349909 
-0.8996886015 
-0.9059574604 
-0.9107895494 
-0.9142389297 
-0.9163652062 
-0.9172335267 
-0.9169135094 
-0.9154791236 
-0.9130081534 
-0.9095811844 
-0.9052814245 
-0.9001936913 
-0.8944039941 
-0.8879988194 
-0.8810641170 
-0.8736851811 
-0.8659456372 
-0.8579268456 
-0.8497074842 
-0.8413627148 
-0.8329640627 
-0.8245785236 
-0.8162685633 
-0.8080914617 
-0.8000993133 
-0.7923385501 
-0.7848500609 
-0.7776689529 
-0.7708246112 
-0.7643408179 
-0.7582358122 
-0.7525225282 
-0.7472088337 
-0.7422977686 
-0.7377880812 
-0.7336743474 
-0.7299474478 
-0.7265949845 
-0.7236016393 
-0.7209495902 
-0.7186189294 
-0.7165883183 
-0.7148351073 
-0.7133359313 
-0.7120672464 
-0.7110053897 
-0.7101272345 
-0.7094104290 
-0.7088335156 
-0.7083764076 
-0.7080204487 
-0.7077485323 
-0.7075452209 
-0.7073969841 
-0.7072919011 
-0.7072198391 
-0.7071722746 
-0.7071423531 
-0.7071245909 
-0.7071148157 
-0.7071099281 
-0.7071077824 
-0.7071070075 
-0.7071068287 
-0.7071067691 
-0.7071067691 
-0.7071067691 
-0.7071067691 
-0.7071067691 
-0.7071067691 
-0.7071067691 
-0.7071067691 
-0.7071067691 
-0.7071067691 
-0.7071067691 
-0.7071067691 
-0.7071067691 
-0.7071067691 
-0.7071067691 
-0.7071067691 
-0.7071067691 
-0.7071067691 
-0.7071067691 
-0.7071067691 
-0.7071067691 
-0.7071067691 
-0.7071067691 
-0.7071067691 
-0.7071067691 
-0.7071067691 
-0.7071067691 
-0.7071067691 
-0.7071067691 
-0.7071067691 
-0.7071067691 
-0.7071067691 
-0.7071067691 
-0.7071067691 
-0.7071067691 
-0.7071067691 
-0.7071065307 
-0.7071057558 
-0.7071036100 
-0.7070986629 
-0.7070887089 
-0.7070704699 
-0.7070395947 
-0.7069901824 
-0.7069147229 
-0.7068036795 
-0.7066455483 
-0.7064266801 
-0.7061307430 
-0.7057390809 
-0.7052302361 
-0.7045801282 
-0.7037618756 
-0.7027459145 
-0.7015000582 
-0.6999893785 
-0.6981767416 
-0.6960228086 
-0.6934861541 
-0.6905237436 
-0.6870912313 
-0.6831433773 
-0.6786342263 
-0.6735177636 
-0.6677483916 
-0.6612812281 
-0.6540727019 
-0.6460806727 
-0.6372639537 
-0.6275831461 
-0.6170004010 
-0.6054800153 
-0.5929883718 
-0.5794947147 
-0.5649707913 
-0.5493916869 
-0.5327357054 
-0.5149848461 
-0.4961248040 
-0.4761454463 
-0.4550409615 
-0.4328099489 
-0.4094558060 
-0.3849866688 
-0.3594158292 
-0.3327615559 
-0.3050475717 
-0.2763027549 
-0.2465614974 
-0.2158636600 
-0.1842544973 
-0.1517847329 
-0.1185104921 
-0.0844932273 
-0.0497996099 
-0.0145013602 
0.0213248692 
0.0575977899 
0.0942316502 
0.1311366111 
0.1682190001 
0.2053817660 
0.2425249368 
0.2795461714 
0.3163413703 
0.3528053463 
0.3888325393 
0.4243177474 
0.4591568708 
0.4932476878 
0.5264907479 
0.5587899089 
0.5900532603 
0.6201938391 
0.6491301656 
0.6767869592 
0.7030957937 
0.7279955149 
0.7514327168 
0.7733620405 
0.7937467098 
0.8125585318 
0.8297780752 
0.8453950286 
0.8594076633 
0.8718233109 
0.8826578259 
0.8919354677 
0.8996886015 
0.9059574604 
0.9107895494 
0.9142389297 
0.9163652062 
0.9172335267 
0.9169135094 
0.9154791236 
0.9130081534 
0.9095811844 
0.9052814245 
0.9001936913 
0.8944039941 
0.8879988194 
0.8810641170 
0.8736851811 
0.8659456372 
0.8579268456 
0.8497074842 
0.8413627148 
0.8329640627 
0.8245785236 
0.8162685633 
0.8080914617 
0.8000993133 
0.7923385501 
0.7848500609 
0.7776689529 
0.7708246112 
0.7643408179 
0.7582358122 
0.7525225282 
0.7472088337 
0.7422977686 
0.7377880812 
0.7336743474 
0.7299474478 
0.7265949845 
0.7236016393 
0.7209495902 
0.7186189294 
0.7165883183 
0.7148351073 
0.7133359313 
0.7120672464 
0.7110053897 
0.7101272345 
0.7094104290 
0.7088335156 
0.7083764076 
0.7080204487 
0.7077485323 
0.7075452209 
0.7073969841 
0.7072919011 
0.7072198391 
0.7071722746 
0.7071423531 
0.7071245909 
0.7071148157 
0.7071099281 
0.7071077824 
0.7071070075 
0.7071068287 
0.7071067691 
0.7071067691 
0.7071067691 
0.7071068287 
0.7071070075 
0.7071077824 
0.7071099281 
0.7071148157 
0.7071245909 
0.7071423531 
0.7071722746 
0.7072198391 
0.7072919011 
0.7073969841 
0.7075452209 
0.7077485323 
0.7080204487 
0.7083764076 
0.7088335156 
0.7094104290 
0.7101272345 
0.7110053897 
0.7120672464 
0.7133359313 
0.7148351073 
0.7165883183 
0.7186189294 
0.7209495902 
0.7236016393 
0.7265949845 
0.7299474478 
0.7336743474 
0.7377880812 
0.7422977686 
0.7472088337 
0.7525225282 
0.7582358122 
0.7643408179 
0.7708246112 
0.7776689529 
0.7848500609 
0.7923385501 
0.8000993133 
0.8080914617 
0.8162685633 
0.8245785236 
0.8329640627 
0.8413627148 
0.8497074842 
0.8579268456 
0.8659456372 
0.8736851811 
0.8810641170 
0.8879988194 
0.8944039941 
0.9001936913 
0.9052814245 
0.9095811844 
0.9130081534 
0.9154791236 
0.9169135094 
0.9172335267 
0.9163652062 
0.9142389297 
0.9107895494 
0.9059574604 
0.8996886015 
0.8919349909 
0.8826549053 
0.8718132377 
0.8593813181 
0.8453376293 
0.8296672106 
0.8123623133 
0.7934221625 
0.7728528976 
0.7506677508 
0.7268868089 
0.7015370727 
0.6746520996 
0.6462719440 
0.6164432168 
0.5852182508 
0.5526555181 
0.5188188553 
0.4837772846 
0.4476048946 
0.4103800952 
0.3721856773 
0.3331080079 
0.2932369709 
0.2526654005 
0.2114887238 
0.1698045433 
0.1277122796 
0.0853127390 
0.0427078083 
0.0000000000 
-0.0427078083 
-0.0853127167 
-0.1277121156 
-0.1698038429 
-0.2114864886 
-0.2526596487 
-0.2932241261 
-0.3330821991 
-0.3721378744 
-0.4102970064 
-0.4474677145 
-0.4835604429 
-0.5184882283 
-0.5521668792 
-0.5845153332 
-0.6154556870 
-0.6449133158 
-0.6728172898 
-0.6991004348 
-0.7236993313 
-0.7465547919 
-0.7676117420 
-0.7868193984 
-0.8041316271 
-0.8195065856 
-0.8329072595 
-0.8443014026 
-0.8536615372 
-0.8609651327 
-0.8661946058 
-0.8693373203 
-0.8703857660 
-0.8693373203 
-0.8661946058 
-0.8609651327 
-0.8536615372 
-0.8443014026 
-0.8329072595 
-0.8195065856 
-0.8041316271 
-0.7868193984 
-0.7676117420 
-0.7465547919 
-0.7236993313 
-0.6991004348 
-0.6728172898 
-0.6449133158 
-0.6154556870 
-0.5845153332 
-0.5521668792 
-0.5184882283 
-0.4835604429 
-0.4474677145 
-0.4102970064 
-0.3721378744 
-0.3330821991 
-0.2932241261 
-0.2526596487 
-0.2114864886 
-0.1698038429 
-0.1277121156 
-0.0853127167 
-0.0427078083 
-0.0000000000 
0.0427078083 
0.0853127167 
0.1277121156 
0.1698038429 
0.2114864886 
0.2526596487 
0.2932241261 
0.3330821991 
0.3721378744 
0.4102970064 
0.4474677145 
0.4835604429 
0.5184882283 
0.5521668792 
0.5845153332 
0.6154556870 
0.6449133158 
0.6728172898 
0.6991004348 
0.7236993313 
0.7465547919 
0.7676117420 
0.7868193984 
0.8041316271 
0.8195065856 
0.8329072595 
0.8443014026 
0.8536615372 
0.8609651327 
0.8661946058 
0.8693373203 
0.8703857660 
0.8693373203 
0.8661950827 
0.8609680533 
0.8536716700 
0.8443277478 
0.8329646587 
0.8196174502 
0.8043277860 
0.7871440053 
0.7681208849 
0.7473197579 
0.7248080373 
0.7006591558 
0.6749522090 
0.6477714777 
0.6192063093 
0.5893503428 
0.5583012700 
0.5261601210 
0.4930308461 
0.4590196908 
0.4242346287 
0.3887847364 
0.3527795374 
0.3163284957 
0.2795403898 
0.2425226867 
0.2053810656 
0.1682188362 
0.1311365962 
0.0942316502 
0.0575977899 
0.0213248692 
-0.0145013398 
-0.0497993790 
-0.0844922289 
-0.1185073331 
-0.1517765969 
-0.1842363924 
-0.2158273607 
-0.2464943379 
-0.2761861682 
-0.3048554659 
-0.3324584365 
-0.3589546084 
-0.3843065500 
-0.4084797502 
-0.4314422309 
-0.4531643987 
-0.4736187756 
-0.4927799106 
-0.5106239915 
-0.5271289945 
-0.5422742963 
-0.5560407639 
-0.5684106946 
-0.5793677568 
-0.5888969302 
-0.5969849229 
-0.6036197543 
-0.6087914109 
-0.6124916077 
-0.6147143245 
-0.6154556870 
-0.6147143245 
-0.6124916077 
-0.6087914109 
-0.6036197543 
-0.5969849229 
-0.5888969302 
-0.5793677568 
-0.5684106946 
-0.5560407639 
-0.5422742963 
-0.5271289945 
-0.5106239915 
-0.4927799106 
-0.4736187756 
-0.4531643987 
-0.4314422309 
-0.4084797502 
-0.3843065500 
-0.3589546084 
-0.3324584365 
-0.3048554659 
-0.2761861682 
-0.2464943379 
-0.2158273607 
-0.1842363924 
-0.1517765969 
-0.1185073331 
-0.0844922289 
-0.0497993790 
-0.0145013398 
0.0213248692 
0.0575977899 
0.0942316502 
0.1311365962 
0.1682188362 
0.2053810656 
0.2425226867 
0.2795403898 
0.3163284957 
0.3527795374 
0.3887847364 
0.4242346287 
0.4590196908 
0.4930308461 
0.5261601210 
0.5583012700 
0.5893503428 
0.6192063093 
0.6477714777 
0.6749522090 
0.7006591558 
0.7248080373 
0.7473197579 
0.7681208849 
0.7871440053 
0.8043277860 
0.8196174502 
0.8329646587 
0.8443277478 
0.8536716700 
0.8609680533 
0.8661950827 
0.8693373203 
0.8703857660 
0.8693373203 
0.8661950827 
0.8609680533 
0.8536716700 
0.8443277478 
0.8329646587 
0.8196174502 
0.8043277860 
0.7871440053 
0.7681208849 
0.7473197579 
0.7248080373 
0.7006591558 
0.6749522090 
0.6477714777 
0.6192063093 
0.5893503428 
0.5583012700 
0.5261601210 
0.4930308461 
0.4590196908 
0.4242346287 
0.3887847364 
0.3527795374 
0.3163284957 
0.2795403898 
0.2425226867 
0.2053810656 
0.1682188362 
0.1311365962 
0.0942316502 
0.0575977899 
0.0213248692 
-0.0145013398 
-0.0497993790 
-0.0844922289 
-0.1185073331 
-0.1517765969 
-0.1842363924 
-0.2158273607 
-0.2464943379 
-0.2761861682 
-0.3048554659 
-0.3324584365 
-0.3589546084 
-0.3843065500 
-0.4084797502 
-0.4314422309 
-0.4531643987 
-0.4736187756 
-0.4927799106 
-0.5106239915 
-0.5271289945 
-0.5422742963 
-0.5560407639 
-0.5684106946 
-0.5793677568 
-0.5888969302 
-0.5969849229 
-0.6036197543 
-0.6087914109 
-0.6124916077 
-0.6147143245 
-0.6154556870 
-0.6147143245 
-0.6124920845 
-0.6087942719 
-0.6036298871 
-0.5970112681 
-0.5889543891 
-0.5794786215 
-0.5686069131 
-0.5563653708 
-0.5427834392 
-0.5278939605 
-0.5117326975 
-0.4943386316 
-0.4757536650 
-0.4560225904 
-0.4351928830 
-0.4133147597 
-0.3904409409 
-0.3666265309 
-0.3419288695 
-0.3164074421 
-0.2901237905 
-0.2631412148 
-0.2355246842 
-0.2073407769 
-0.1786573529 
-0.1495435238 
-0.1200694516 
-0.0903061032 
-0.0603252091 
-0.0301989801 
-0.0000000000 
0.0301989801 
0.0603252091 
0.0903061032 
0.1200694516 
0.1495435238 
0.1786573529 
0.2073407769 
0.2355246842 
0.2631412148 
0.2901237905 
0.3164074421 
0.3419288695 
0.3666265309 
0.3904409409 
0.4133147597 
0.4351928830 
0.4560225904 
0.4757536650 
0.4943386316 
0.5117326975 
0.5278939605 
0.5427834392 
0.5563653708 
0.5686069131 
0.5794786215 
0.5889543891 
0.5970112681 
0.6036298871 
0.6087942719 
0.6124920845 
0.6147143245 
0.6154556870 
0.6147143245 
0.6124920845 
0.6087942719 
0.6036298871 
0.5970112681 
0.5889543891 
0.5794786215 
0.5686069131 
0.5563653708 
0.5427834392 
0.5278939605 
0.5117326975 
0.4943386316 
0.4757536650 
0.4560225904 
0.4351928830 
0.4133147597 
0.3904409409 
0.3666265309 
0.3419288695 
0.3164074421 
0.2901237905 
0.2631412148 
0.2355246842 
0.2073407769 
0.1786573529 
0.1495435238 
0.1200694516 
0.0903061032 
0.0603252091 
0.0301989801 
0.0000000000 
-0.0301989801 
-0.0603252091 
-0.0903061032 
-0.1200694516 
-0.1495435238 
-0.1786573529 
-0.2073407769 
-0.2355246842 
-0.2631412148 
-0.2901237905 
-0.3164074421 
-0.3419288695 
-0.3666265309 
-0.3904409409 
-0.4133147597 
-0.4351928830 
-0.4560225904 
-0.4757536650 
-0.4943386316 
-0.5117326975 
-0.5278939605 
-0.5427834392 
-0.5563653708 
-0.5686069131 
-0.5794786215 
-0.5889543891 
-0.5970112681 
-0.6036298871 
-0.6087942719 
-0.6124920845 
-0.6147143245 
-0.6154556870 
-0.6147143245 
-0.6124920845 
-0.6087942719 
-0.6036298871 
-0.5970112681 
-0.5889543891 
-0.5794786215 
-0.5686069131 
-0.5563653708 
-0.5427834392 
-0.5278939605 
-0.5117326975 
-0.4943386316 
-0.4757536650 
-0.4560225904 
-0.4351928830 
-0.4133147597 
-0.3904409409 
-0.3666265309 
-0.3419288695 
-0.3164074421 
-0.2901237905 
-0.2631412148 
-0.2355246842 
-0.2073407769 
-0.1786573529 
-0.1495435238 
-0.1200694516 
-0.0903061032 
-0.0603252091 
-0.0301989801 
-0.0000000000 
0.0301989801 
0.0603252314 
0.0903063267 
0.1200704500 
0.1495466828 
0.1786654741 
0.2073588669 
0.2355609834 
0.2632083595 
0.2902403772 
0.3165995479 
0.3422319889 
0.3670877516 
0.3911210597 
0.4142908156 
0.4365606010 
0.4578991234 
0.4782803357 
0.4976835251 
0.5160935521 
0.5335006714 
0.5499008894 
0.5652953386 
0.5796908736 
0.5930992961 
0.6055374146 
0.6170268059 
0.6275932789 
0.6372668743 
0.6460810900 
0.6540727019 
0.6612812281 
0.6677483916 
0.6735177636 
0.6786342263 
0.6831433773 
0.6870912313 
0.6905237436 
0.6934861541 
0.6960228086 
0.6981767416 
0.6999893785 
0.7015000582 
0.7027459145 
0.7037618756 
0.7045801282 
0.7052302361 
0.7057390809 
0.7061307430 
0.7064266801 
0.7066455483 
0.7068036795 
0.7069147229 
0.7069901824 
0.7070395947 
0.7070704699 
0.7070887089 
0.7070986629 
0.7071036100 
0.7071057558 
0.7071065307 
0.7071067691 
0.7071067691 
0.7071067691 
0.7071067691 
0.7071067691 
0.7071067691 
0.7071067691 
0.7071067691 
0.7071067691 
0.7071067691 
0.7071067691 
0.7071067691 
0.7071067691 
0.7071067691 
0.7071067691 
0.7071067691 
0.7071067691 
0.7071067691 
0.7071067691 
0.7071067691 
0.7071067691 
0.7071067691 
0.7071067691 
0.7071067691 
0.7071067691 
0.7071067691 
0.7071067691 
0.7071067691 
0.7071067691 
0.7071067691 
0.7071067691 
0.7071067691 
0.7071067691 
0.7071067691 
0.7071067691 
0.7071067691 
0.7071067691 
0.7071067691 
0.7071067691 
0.7071067691 
0.7071067691 
0.7071067691 
0.7071067691 
0.7071067691 
0.7071067691 
0.7071067691 
0.7071067691 
0.7071067691 
0.7071067691 
0.7071067691 
0.7071067691 
0.7071067691 
0.7071067691 
0.7071067691 
0.7071067691 
0.7071067691 
0.7071067691 
0.7071067691 
0.7071067691 
0.7071067691 
0.7071067691 
0.7071067691 
0.7071067691 
0.7071067691 
0.7071067691 
0.7071067691 
0.7071067691 
0.7071067691 
0.7071067691 
0.7071065307 
0.7071057558 
0.7071036100 
0.7070986629 
0.7070887089 
0.7070704699 
0.7070395947 
0.7069901824 
0.7069147229 
0.7068036795 
0.7066455483 
0.7064266801 
0.7061307430 
0.7057390809 
0.7052302361 
0.7045801282 
0.7037618756 
0.7027459145 
0.7015000582 
0.6999893785 
0.6981767416 
0.6960228086 
0.6934861541 
0.6905237436 
0.6870912313 
0.6831433773 
0.6786342263 
0.6735177636 
0.6677483916 
0.6612812281 
0.6540727019 
0.6460810900 
0.6372668743 
0.6275932789 
0.6170268059 
0.6055374146 
0.5930992961 
0.5796908736 
0.5652953386 
0.5499008894 
0.5335006714 
0.5160935521 
0.4976835251 
0.4782803357 
0.4578991234 
0.4365606010 
0.4142908156 
0.3911210597 
0.3670877516 
0.3422319889 
0.3165995479 
0.2902403772 
0.2632083595 
0.2355609834 
0.2073588669 
0.1786654741 
0.1495466828 
0.1200704500 
0.0903063267 
0.0603252314 
0.0301989801 
0.0000000000 
-0.0301762894 
-0.0602048598 
-0.0899508595 
-0.1192706972 
-0.1480134279 
-0.1760224551 
-0.2031375021 
-0.2291968167 
-0.2540394962 
-0.2775077820 
-0.2994495332 
-0.3197205663 
-0.3381870091 
-0.3547272980 
-0.3692344427 
-0.3816176951 
