0EC100
0F0181
0F4202
0F8283
0FC304
080385
084406
088487
08C508
090589
09460A
09868B
09C70C
0A078D
0A480E
0A888F
0AC910
0B0991
0B4A12
0B8A93
0BCB14
0C0B95
0C4C16
0C8C97
0CCD18
0D0D99
0D4E1A
0D8E9B
0DCF1C
0E0F9D
0E401E
0E809F
1597A0
15D821
1618A2
165923
1699A4
16DA25
171AA6
175B27
179BA8
17DC29
101CAA
105D2B
109DAC
10DE2D
111EAE
115F2F
119FB0
11D031
1210B2
125133
1291B4
12D235
1312B6
135337
1393B8
13D439
1414BA
14553B
1495BC
14D63D
1516BE
15573F
114EC0
118F41
11CFC2
120043
1240C4
128145
12C1C6
130247
1342C8
138349
13C3CA
14044B
1444CC
14854D
14C5CE
15064F
1546D0
158751
15C7D2
160853
1648D4
168955
16C9D6
170A57
174AD8
178B59
17CBDA
100C5B
104CDC
108D5D
10CDDE
110E5F
0947E0
098861
09C8E2
0A0963
0A49E4
0A8A65
0ACAE6
0B0B67
0B4BE8
0B8C69
0BCCEA
0C0D6B
0C4DEC
0C8E6D
0CCEEE
0D0F6F
0D4FF0
0D8071
0DC0F2
0E0173
0E41F4
0E8275
0EC2F6
0F0377
0F43F8
0F8479
0FC4FA
08057B
0845FC
08867D
08C6FE
09077F
000000
000000
000000
000000
000000
000000
000000
000000
000000
000000
000000
000000
000000
000000
000000
000000
000000
000000
000000
000000
000000
000000
000000
000000
000000
000000
000000
000000
000000
000000
000000
000000
000000
000000
000000
000000
000000
000000
000000
000000
000000
000000
000000
000000
000000
000000
000000
000000
000000
000000
000000
000000
000000
000000
000000
000000
000000
000000
000000
000000
000000
000000
000000
000000
000000
000000
000000
000000
000000
000000
000000
000000
000000
000000
000000
000000
000000
000000
000000
000000
000000
000000
000000
000000
000000
000000
000000
000000
000000
000000
000000
000000
000000
000000
000000
000000
000000
000000
000000
000000
000000
000000
000000
000000
000000
000000
000000
000000
000000
000000
000000
000000
000000
000000
000000
000000
000000
000000
000000
000000
000000
000000
000000
000000
000000
000000
000000
000000
000000
000000
000000
000000
000000
000000
000000
000000
000000
000000
000000
000000
000000
000000
000000
000000
000000
000000
000000
000000
000000
000000
000000
000000
000000
000000
000000
000000
000000
000000
000000
000000
000000
000000
000000
000000
000000
000000
000000
000000
000000
000000
000000
000000
000000
000000
000000
000000
000000
000000
000000
000000
000000
000000
000000
000000
000000
000000
000000
000000
000000
000000
000000
000000
000000
000000
000000
000000
000000
000000
000000
000000
000000
000000
000000
000000
000000
000000
000000
000000
000000
000000
000000
000000
000000
000000
000000
000000
000000
000000
000000
000000
000000
000000
000000
000000
000000
000000
000000
000000
000000
000000
000000
000000
000000
000000
000000
000000
000000
000000
000000
000000
000000
000000
000000
000000
000000
000000
000000
000000
000000
000000
000000
000000
000000
000000
000000
000000
000000
000000
000000
000000
000000
000000
000000
000000
000000
000000
000000
000000
000000
000000
000000
000000
000000
000000
000000
000000
000000
000000
000000
000000
000000
000000
000000
000000
000000
000000
000000
000000
000000
000000
000000
000000
000000
000000
000000
000000
000000
000000
000000
000000
000000
000000
000000
000000
000000
000000
000000
000000
000000
000000
000000
000000
000000
000000
000000
000000
000000
000000
000000
000000
000000
000000
000000
000000
000000
000000
000000
000000
000000
000000
000000
000000
000000
000000
000000
000000
000000
000000
000000
000000
000000
000000
000000
000000
000000
000000
000000
000000
000000
000000
000000
000000
000000
000000
000000
000000
000000
000000
000000
000000
000000
000000
000000
000000
000000
000000
000000
000000
000000
000000
000000
000000
000000
000000
000000
000000
000000
000000
000000
000000
000000
000000
000000
000000

