169016
16D097
171118
175199
17921A
17D29B
10131C
10539D
10941E
10D49F
111500
115581
119602
11D683
121704
125785
129806
12D887
131908
135989
139A0A
13DA8B
141B0C
145B8D
149C0E
14DC8F
151D10
155D91
159E12
15DE93
161F14
165F95
1F2F3B
1F6FBC
1FA03D
1FE0BE
18213F
1861A0
18A221
18E2A2
192323
1963A4
19A425
19E4A6
1A2527
1A65A8
1AA629
1AE6AA
1B272B
1B67AC
1BA82D
1BE8AE
1C292F
1C69B0
1CAA31
1CEAB2
1D2B33
1D6BB4
1DAC35
1DECB6
1E2D37
1E6DB8
1EAE39
1EEEBA
1FA612
1FE693
182714
186795
18A816
18E897
192918
196999
19AA1A
19EA9B
1A2B1C
1A6B9D
1AAC1E
1AEC9F
1B2D00
1B6D81
1BAE02
1BEE83
1C2F04
1C6F85
1CA006
1CE087
1D2108
1D6189
1DA20A
1DE28B
1E230C
1E638D
1EA40E
1EE48F
1F2510
1F6591
1B5713
1B9794
1BD815
1C1896
1C5917
1C9998
1CDA19
1D1A9A
1D5B1B
1D9B9C
1DDC1D
1E1C9E
1E5D1F
1E9D80
1EDE01
1F1E82
1F5F03
1F9F84
1FD005
181086
185107
189188
18D209
19128A
19530B
19938C
19D40D
1A148E
1A550F
1A9590
1AD611
1B1692
000000
000000
000000
000000
000000
000000
000000
000000
000000
000000
000000
000000
000000
000000
000000
000000
000000
000000
000000
000000
000000
000000
000000
000000
000000
000000
000000
000000
000000
000000
000000
000000
000000
000000
000000
000000
000000
000000
000000
000000
000000
000000
000000
000000
000000
000000
000000
000000
000000
000000
000000
000000
000000
000000
000000
000000
000000
000000
000000
000000
000000
000000
000000
000000
000000
000000
000000
000000
000000
000000
000000
000000
000000
000000
000000
000000
000000
000000
000000
000000
000000
000000
000000
000000
000000
000000
000000
000000
000000
000000
000000
000000
000000
000000
000000
000000
000000
000000
000000
000000
000000
000000
000000
000000
000000
000000
000000
000000
000000
000000
000000
000000
000000
000000
000000
000000
000000
000000
000000
000000
000000
000000
000000
000000
000000
000000
000000
000000
000000
000000
000000
000000
000000
000000
000000
000000
000000
000000
000000
000000
000000
000000
000000
000000
000000
000000
000000
000000
000000
000000
000000
000000
000000
000000
000000
000000
000000
000000
000000
000000
000000
000000
000000
000000
000000
000000
000000
000000
000000
000000
000000
000000
000000
000000
000000
000000
000000
000000
000000
000000
000000
000000
000000
000000
000000
000000
000000
000000
000000
000000
000000
000000
000000
000000
000000
000000
000000
000000
000000
000000
000000
000000
000000
000000
000000
000000
000000
000000
000000
000000
000000
000000
000000
000000
000000
000000
000000
000000
000000
000000
000000
000000
000000
000000
000000
000000
000000
000000
000000
000000
000000
000000
000000
000000
000000
000000
000000
000000
000000
000000
000000
000000
000000
000000
000000
000000
000000
000000
000000
000000
000000
000000
000000
000000
000000
000000
000000
000000
000000
000000
000000
000000
000000
000000
000000
000000
000000
000000
000000
000000
000000
000000
000000
000000
000000
000000
000000
000000
000000
000000
000000
000000
000000
000000
000000
000000
000000
000000
000000
000000
000000
000000
000000
000000
000000
000000
000000
000000
000000
000000
000000
000000
000000
000000
000000
000000
000000
000000
000000
000000
000000
000000
000000
000000
000000
000000
000000
000000
000000
000000
000000
000000
000000
000000
000000
000000
000000
000000
000000
000000
000000
000000
000000
000000
000000
000000
000000
000000
000000
000000
000000
000000
000000
000000
000000
000000
000000
000000
000000
000000
000000
000000
000000
000000
000000
000000
000000
000000
000000
000000
000000
000000
000000
000000
000000
000000
000000
000000
000000
000000
000000
000000
000000
000000
000000
000000
000000
000000
000000
000000
000000
000000
000000
000000

