1C071
200F2
24173
281F4
2C275
302F6
34377
383F8
3C479
404FA
4457B
485FC
4C67D
506FE
5477F
587E0
5C861
608E2
64963
689E4
6CA65
70AE6
74B67
78BE8
7CC69
00CEA
04D6B
08DEC
0CE6D
10EEE
14F6F
18FF0
8D069
910EA
9516B
991EC
9D26D
A12EE
A536F
A93F0
AD471
B14F2
B5573
B95F4
BD675
C16F6
C5777
C97F8
CD879
D18FA
D597B
D99FC
DDA7D
E1AFE
E5B7F
E9BE0
EDC61
F1CE2
F5D63
F9DE4
FDE65
81EE6
85F67
89FE8
22063
260E4
2A165
2E1E6
32267
362E8
3A369
3E3EA
4246B
464EC
4A56D
4E5EE
5266F
566F0
5A771
5E7F2
62873
668F4
6A975
6E9F6
72A77
76AF8
7AB79
7EBFA
02C7B
06CFC
0AD7D
0EDFE
12E7F
16EE0
1AF61
1EFE2
47052
4B0D3
4F154
531D5
57256
5B2D7
5F358
633D9
6745A
6B4DB
6F55C
735DD
7765E
7B6DF
7F740
037C1
07842
0B8C3
0F944
139C5
17A46
1BAC7
1FB48
23BC9
27C4A
2BCCB
2FD4C
33DCD
37E4E
3BECF
3FF50
43FD1
00000
00000
00000
00000
00000
00000
00000
00000
00000
00000
00000
00000
00000
00000
00000
00000
00000
00000
00000
00000
00000
00000
00000
00000
00000
00000
00000
00000
00000
00000
00000
00000
00000
00000
00000
00000
00000
00000
00000
00000
00000
00000
00000
00000
00000
00000
00000
00000
00000
00000
00000
00000
00000
00000
00000
00000
00000
00000
00000
00000
00000
00000
00000
00000
00000
00000
00000
00000
00000
00000
00000
00000
00000
00000
00000
00000
00000
00000
00000
00000
00000
00000
00000
00000
00000
00000
00000
00000
00000
00000
00000
00000
00000
00000
00000
00000
00000
00000
00000
00000
00000
00000
00000
00000
00000
00000
00000
00000
00000
00000
00000
00000
00000
00000
00000
00000
00000
00000
00000
00000
00000
00000
00000
00000
00000
00000
00000
00000
00000
00000
00000
00000
00000
00000
00000
00000
00000
00000
00000
00000
00000
00000
00000
00000
00000
00000
00000
00000
00000
00000
00000
00000
00000
00000
00000
00000
00000
00000
00000
00000
00000
00000
00000
00000
00000
00000
00000
00000
00000
00000
00000
00000
00000
00000
00000
00000
00000
00000
00000
00000
00000
00000
00000
00000
00000
00000
00000
00000
00000
00000
00000
00000
00000
00000
00000
00000
00000
00000
00000
00000
00000
00000
00000
00000
00000
00000
00000
00000
00000
00000
00000
00000
00000
00000
00000
00000
00000
00000
00000
00000
00000
00000
00000
00000
00000
00000
00000
00000
00000
00000
00000
00000
00000
00000
00000
00000
00000
00000
00000
00000
00000
00000
00000
00000
00000
00000
00000
00000
00000
00000
00000
00000
00000
00000
00000
00000
00000
00000
00000
00000
00000
00000
00000
00000
00000
00000
00000
00000
00000
00000
00000
00000
00000
00000
00000
00000
00000
00000
00000
00000
00000
00000
00000
00000
00000
00000
00000
00000
00000
00000
00000
00000
00000
00000
00000
00000
00000
00000
00000
00000
00000
00000
00000
00000
00000
00000
00000
00000
00000
00000
00000
00000
00000
00000
00000
00000
00000
00000
00000
00000
00000
00000
00000
00000
00000
00000
00000
00000
00000
00000
00000
00000
00000
00000
00000
00000
00000
00000
00000
00000
00000
00000
00000
00000
00000
00000
00000
00000
00000
00000
00000
00000
00000
00000
00000
00000
00000
00000
00000
00000
00000
00000
00000
00000
00000
00000
00000
00000
00000
00000
00000
00000
00000
00000
00000
00000
00000
00000
00000
00000
00000
00000
00000
00000

